100 100
0 0,1 0,2 0,3 0,4 0,5 0,6 0,7 0,8 0,9 1 1,1 1,2 1,3 1,4 1,5 1,6 1,7 1,8 1,9 2 2,1 2,2 2,3 2,4 2,5 2,6 2,7 2,8 2,9 3 3,1 3,2 3,3 3,4 3,5 3,6 3,7 3,8 3,9 4 4,1 4,2 4,3 4,4 4,5 4,6 4,7 4,8 4,9 5 5,1 5,2 5,3 5,4 5,5 5,6 5,7 5,8 5,9 6 6,1 6,2 6,3 6,4 6,5 6,6 6,7 6,8 6,9 7 7,1 7,2 7,3 7,4 7,5 7,6 7,7 7,8 7,9 8 8,1 8,2 8,3 8,4 8,5 8,6 8,7 8,8 8,9 9 9,1 9,2 9,3 9,4 9,5 9,6 9,7 9,8 9,9
0 0,1 0,2 0,3 0,4 0,5 0,6 0,7 0,8 0,9 1 1,1 1,2 1,3 1,4 1,5 1,6 1,7 1,8 1,9 2 2,1 2,2 2,3 2,4 2,5 2,6 2,7 2,8 2,9 3 3,1 3,2 3,3 3,4 3,5 3,6 3,7 3,8 3,9 4 4,1 4,2 4,3 4,4 4,5 4,6 4,7 4,8 4,9 5 5,1 5,2 5,3 5,4 5,5 5,6 5,7 5,8 5,9 6 6,1 6,2 6,3 6,4 6,5 6,6 6,7 6,8 6,9 7 7,1 7,2 7,3 7,4 7,5 7,6 7,7 7,8 7,9 8 8,1 8,2 8,3 8,4 8,5 8,6 8,7 8,8 8,9 9 9,1 9,2 9,3 9,4 9,5 9,6 9,7 9,8 9,9
300 300 300 300 300 300 300 300 300 300 300 300 300 300 300 300 300 300 300 300 300 300 300 300 300 300 300 300 300 300 300 300 300 300 300 300 300 300 300 300 300 300 300 300 300 300 300 300 300 300 300 300 300 300 300 300 300 300 300 300 300 300 300 300 300 300 300 300 300 300 300 300 300 300 300 300 300 300 300 300 300 300 300 300 300 300 300 300 300 300 300 300 300 300 300 300 300 300 300 300
300 306.59924 311.69846 315.8907 319.45493 322.54407 325.25247 327.64386 329.76404 331.64764 333.32193 334.80884 336.1266 337.29062 338.3142 339.209 339.98526 340.65216 341.21802 341.69034 342.07608 342.38162 342.6129 342.77542 342.87427 342.91425 342.89993 342.8355 342.72498 342.57208 342.3803 342.15305 341.8934 341.60428 341.28842 340.9485 340.58685 340.20584 339.8076 339.39404 338.96707 338.52844 338.07968 337.6223 337.1577 336.68716 336.21182 335.73276 335.2509 334.76715 334.28232 333.79715 333.3123 332.8283 332.34573 331.86493 331.38635 330.91037 330.43716 329.96695 329.5 329.03635 328.57608 328.11923 327.66577 327.21567 326.7688 326.325 325.88416 325.44592 325.01 324.5761 324.14383 323.71262 323.28198 322.85123 322.41968 321.98645 321.55057 321.11087 320.66605 320.21457 319.75446 319.28354 318.7991 318.29788 317.77585 317.228 316.648 316.02774 315.35663 314.6207 313.80096 312.871 311.7927 310.509 308.92975 306.90103 304.13272 300
300 311.6985 321.30392 329.40942 336.3851 342.46902 347.82224 352.5592 356.765 360.5052 363.83182 366.78754 369.40775 371.7227 373.75845 375.53796 377.08145 378.40714 379.5315 380.46948 381.2348 381.84024 382.29755 382.61768 382.81082 382.88657 382.854 382.72153 382.49704 382.18802 381.80157 381.3443 380.8224 380.24176 379.60794 378.92603 378.20096 377.4372 376.63916 375.81067 374.95544 374.07706 373.1786 372.26297 371.33304 370.3913 369.4401 368.48154 367.51746 366.54974 365.58002 364.60965 363.63995 362.67212 361.7071 360.7458 359.789 358.83737 357.89142 356.9516 356.01825 355.09158 354.17172 353.2588 352.35272 351.45337 350.56055 349.67398 348.79327 347.91794 347.04733 346.18082 345.31754 344.45654 343.59674 342.73688 341.8755 341.01096 340.14124 339.26413 338.37698 337.47678 336.55978 335.6216 334.657 333.65964 332.6216 331.53326 330.3824 329.15344 327.8263 326.37454 324.7626 322.94177 320.8433 318.36734 315.36374 311.59753 306.68698 300
300 315.89072 329.40945 341.0583 351.2074 360.12527 368.0091 375.007 381.23325 386.7782 391.71512 396.10464 399.99762 403.43796 406.4637 409.10837 411.40167 413.3705 415.0392 416.42996 417.5631 418.45764 419.131 419.59958 419.8786 419.98233 419.9243 419.71707 419.37244 418.90164 418.31522 417.62314 416.83466 415.95853 415.00308 413.976 412.8846 411.73566 410.53555 409.29025 408.00528 406.68582 405.3366 403.96207 402.5663 401.1532 399.72617 398.2883 396.84253 395.39154 393.93777 392.48328 391.03003 389.57974 388.13394 386.69397 385.2609 383.83575 382.41925 381.01218 379.615 378.22797 376.85138 375.48526 374.1296 372.78424 371.44888 370.12302 368.80606 367.49738 366.19595 364.90082 363.6108 362.32446 361.04013 359.75604 358.47 357.17957 355.88187 354.57358 353.25085 351.90924 350.5434 349.14697 347.7124 346.2305 344.6901 343.07733 341.37506 339.56155 337.6089 335.48087 333.12958 330.49075 327.4761 323.9623 319.77365 314.65588 308.23965 300
300 319.45496 336.38513 351.20743 364.26178 375.81696 386.08386 395.22913 403.38623 410.66364 417.15128 422.92462 428.048 432.5771 436.56076 440.04227 443.0602 445.6497 447.8424 449.66742 451.15164 452.31995 453.19534 453.7995 454.15256 454.27347 454.18005 453.88898 453.41602 452.77597 451.98285 451.04987 449.98932 448.81293 447.53165 446.1558 444.69504 443.15836 441.55423 439.8906 438.1748 436.41373 434.61368 432.78055 430.91983 429.03647 427.1351 425.2199 423.2947 421.3631 419.42825 417.49292 415.55972 413.6309 411.7085 409.79422 407.88953 405.99582 404.11407 402.24518 400.38977 398.5483 396.72104 394.90814 393.10953 391.3249 389.55392 387.79602 386.05026 384.31583 382.59152 380.876 379.1677 377.46472 375.76498 374.06604 372.36514 370.65912 368.9442 367.21622 365.47012 363.7002 361.89966 360.06042 358.17294 356.22574 354.2048 352.09308 349.8694 347.50745 344.97385 342.22583 339.2081 335.84805 332.0492 327.682 322.5713 316.4801 309.0921 300
300 322.5441 342.46906 360.1253 375.81696 389.7994 402.28378 413.44418 423.42496 432.3467 440.31143 447.40625 453.70642 459.2778 464.17877 468.46118 472.17184 475.35327 478.0442 480.2802 482.09433 483.51712 484.5771 485.3009 485.7135 485.8384 485.69766 485.312 484.70102 483.8831 482.87564 481.69498 480.3566 478.875 477.26382 475.5359 473.70322 471.777 469.76788 467.68567 465.53946 463.33777 461.08853 458.79907 456.47617 454.126 451.75427 449.3662 446.9666 444.55988 442.14984 439.74005 437.3337 434.9336 432.54218 430.16162 427.79376 425.44022 423.10226 420.78094 418.4771 416.19125 413.9237 411.67462 409.44397 407.23138 405.03638 402.8582 400.69583 398.54816 396.41376 394.29095 392.17783 390.0721 387.97122 385.87222 383.77173 381.666 379.55045 377.42 375.26877 373.0899 370.87534 368.61563 366.29962 363.91394 361.44254 358.866 356.16052 353.29675 350.23822 346.93896 343.34082 339.36954 334.9296 329.89786 324.11566 317.38107 309.44254 300
300 325.2525 347.82224 368.0091 386.08386 402.28378 416.81305 429.84622 441.5323 451.99902 461.35654 469.7006 477.11508 483.6743 489.44452 494.48544 498.85098 502.59045 505.74908 508.36862 510.4878 512.14264 513.3668 514.19183 514.6474 514.76135 514.55994 514.0679 513.3083 512.3033 511.07358 509.6386 508.01685 506.22568 504.28125 502.19897 499.99316 497.6772 495.2637 492.7644 490.19022 487.55124 484.85693 482.11603 479.33658 476.52594 473.69092 470.83777 467.97214 465.09924 462.2237 459.34964 456.4809 453.62073 450.77203 447.93744 445.1191 442.3189 439.53833 436.77856 434.04068 431.32516 428.63248 425.9628 423.31598 420.69165 418.08917 415.50766 412.94595 410.4027 407.87628 405.36462 402.8655 400.37637 397.8941 395.41537 392.93622 390.4523 387.95844 385.44882 382.9167 380.35434 377.75275 375.10135 372.3878 369.59744 366.71283 363.71313 360.57306 357.262 353.74237 349.96805 345.88187 341.413 336.47324 330.95355 324.72012 317.61185 309.44098 300
300 327.64386 352.55923 375.00702 395.22913 413.44418 429.84622 444.60596 457.87286 469.77808 480.43668 489.95047 498.40994 505.896 512.4817 518.2332 523.211 527.4703 531.06226 534.0344 536.4308 538.29254 539.6584 540.5645 541.045 541.13184 540.85547 540.2445 539.32574 538.1246 536.665 534.96967 533.0599 530.95575 528.67615 526.2389 523.6605 520.9566 518.14166 515.22925 512.2322 509.16208 506.0298 502.8455 499.61847 496.35724 493.0697 489.763 486.44366 483.1176 479.79028 476.46637 473.15024 469.84567 466.556 463.2842 460.03275 456.8037 453.59882 450.41946 447.26672 444.1413 441.0436 437.97382 434.93173 431.91693 428.92862 425.96582 423.02716 420.11115 417.21582 414.3389 411.4778 408.62964 405.79102 402.95798 400.12625 397.29092 394.44632 391.58597 388.7025 385.7875 382.8312 379.8224 376.7478 373.592 370.33694 366.9611 363.43884 359.7397 355.82687 351.6563 347.17468 342.31784 337.00894 331.15662 324.6544 317.3815 309.20712 300
300 329.76407 356.76505 381.23328 403.38626 423.425 441.53232 457.8729 472.59402 485.82745 497.69086 508.29004 517.7202 526.06744 533.4103 539.8204 545.3638 550.1012 554.0892 557.3803 560.02374 562.0655 563.54877 564.5144 565.0008 565.04395 564.67816 563.93585 562.8474 561.4415 559.7454 557.7847 555.5836 553.16504 550.5502 547.75934 544.8113 541.72363 538.5128 535.1944 531.7826 528.2907 524.73096 521.1149 517.45306 513.75494 510.02954 506.28482 502.52817 498.76633 495.0053 491.2504 487.50644 483.7777 480.06793 476.38034 472.71774 469.08243 465.4763 461.90088 458.35733 454.84644 451.36853 447.92386 444.51212 441.13275 437.78494 434.46753 431.17896 427.91745 424.68094 421.4668 418.27222 415.09387 411.92813 408.77063 405.61667 402.46094 399.2973 396.1188 392.91766 389.68488 386.41022 383.08194 379.68652 376.20816 372.62863 368.92657 365.07703 361.0506 356.81287 352.32315 347.5339 342.38956 336.82608 330.77084 324.1436 316.8596 308.83557 300
300 331.6477 360.50522 386.77826 410.66373 432.34683 451.99908 469.7781 485.82742 500.2777 513.24756 524.8448 535.16815 544.3076 552.34595 559.35956 565.41925 570.5906 574.9348 578.5094 581.36804 583.5614 585.1371 586.14014 586.613 586.59576 586.12634 585.2408 583.97296 582.3549 580.4168 578.1874 575.6936 572.9609 570.013 566.8725 563.5603 560.09607 556.4981 552.7837 548.9686 545.06793 541.095 537.06256 532.9824 528.86505 524.7205 520.5575 516.3842 512.2081 508.03577 503.87302 499.72516 495.59683 491.49216 487.41467 483.36734 479.3527 475.37277 471.4291 467.523 463.65527 459.8262 456.03595 452.28418 448.57028 444.8932 441.2516 437.64383 434.0679 430.5214 427.0016 423.50534 420.029 416.56857 413.1195 409.67667 406.2344 402.7862 399.32483 395.8421 392.32874 388.7742 385.1666 381.4923 377.73566 373.87878 369.90103 365.77872 361.48453 356.98706 352.25012 347.2328 341.88873 336.1669 330.01212 323.3674 316.1781 308.39813 300
300 333.32196 363.83188 391.7152 417.15137 440.31152 461.35657 480.43665 497.69083 513.2475 527.2248 539.7318 550.86914 560.72986 569.40015 576.9602 583.4849 589.0442 593.70355 597.5248 600.566 602.8819 604.5244 605.54254 605.98267 605.88855 605.302 604.26227 602.8067 600.9704 598.7867 596.28705 593.5012 590.45715 587.18097 583.6974 580.0295 576.1989 572.2257 568.1288 563.9256 559.63245 555.2641 550.83453 546.3565 541.8416 537.3006 532.74304 528.1778 523.6129 519.0556 514.5122 509.9884 505.48914 501.0188 496.5811 492.1793 487.81598 483.49335 479.21295 474.97607 470.78354 466.63565 462.53244 458.47345 454.45792 450.48465 446.55215 442.6586 438.80173 434.9789 431.1872 427.42316 423.68295 419.96222 416.25613 412.55927 408.8657 405.16873 401.46075 397.73343 393.97736 390.18192 386.33524 382.42392 378.43274 374.34454 370.13983 365.79672 361.2904 356.59296 351.67322 346.49692 341.02686 335.2238 329.04797 322.4618 315.434 307.94586 300
300 334.80884 366.78757 396.10468 422.9247 447.4063 469.70062 489.95047 508.29004 524.8448 539.7318 553.06024 564.932 575.44226 584.67993 592.72833 599.66583 605.56616 610.4988 614.5293 617.71985 620.1292 621.81305 622.8242 623.2128 623.0264 622.3102 621.1067 619.4564 617.3977 614.96674 612.1977 609.12286 605.77264 602.1756 598.3585 594.34644 590.16284 585.82947 581.367 576.7942 572.1286 567.38635 562.58246 557.7306 552.84344 547.9323 543.00757 538.07874 533.15436 528.2421 523.34875 518.4803 513.642 508.83847 504.07352 499.35056 494.67224 490.04077 485.45782 480.92465 476.4419 472.0098 467.62836 463.2969 459.01456 454.77994 450.59143 446.4469 442.34384 438.27945 434.25055 430.25345 426.2841 422.3378 418.40952 414.49365 410.584 406.67368 402.7549 398.8194 394.85764 390.85913 386.8122 382.7039 378.5196 374.2433 369.85693 365.34055 360.67212 355.82742 350.7803 345.5028 339.966 334.14102 328.00082 321.5229 314.69327 307.512 300
300 336.12662 369.4078 399.99768 428.04807 453.70648 477.11514 498.40997 517.7202 535.16815 550.86914 564.932 577.4593 588.5475 598.28784 606.7663 614.0642 620.2586 625.42236 629.62494 632.9318 635.4057 637.106 638.0891 638.40857 638.11554 637.2584 635.8831 634.0331 631.74976 629.07196 626.0366 622.67847 619.0302 615.1225 610.9843 606.6425 602.1224 597.4473 592.6394 587.71875 582.7041 577.61273 572.46063 567.2623 562.0314 556.7797 551.5184 546.25745 541.0058 535.7716 530.5619 525.3829 520.24005 515.1382 510.08124 505.0726 500.115 495.2106 490.36108 485.56747 480.83044 476.15005 471.52618 466.95798 462.44437 457.9838 453.5744 449.21387 444.89944 440.62808 436.39636 432.20044 428.03595 423.89807 419.78152 415.68048 411.58856 407.4988 403.4035 399.29422 395.16156 390.99533 386.78424 382.5158 378.17645 373.7512 369.22363 364.576 359.7889 354.84186 349.71335 344.38116 338.82355 333.02005 326.95364 320.61313 313.9965 307.11526 300
300 337.29068 371.72278 403.43808 432.57718 459.27792 483.67438 505.89606 526.0675 544.3076 560.72986 575.44226 588.54755 600.1433 610.3224 619.17316 626.77936 633.2211 638.5745 642.9123 646.30334 648.8138 650.50653 651.4414 651.6754 651.263 650.2556 648.70233 646.64966 644.1416 641.21985 637.9237 634.29034 630.35474 626.1496 621.7056 617.0516 612.2144 607.21906 602.0888 596.84503 591.5077 586.0949 580.62366 575.1092 569.5657 564.00574 558.4409 552.8817 547.33746 541.8164 536.32587 530.8723 525.4613 520.09766 514.78534 509.52783 504.3277 499.18707 494.10754 489.09003 484.13498 479.24237 474.41177 469.64233 464.93262 460.2809 455.68506 451.14258 446.6505 442.2056 437.8041 433.44202 429.11475 424.81732 420.54428 416.2897 412.0471 407.8094 403.56894 399.3174 395.04565 390.74377 386.40097 382.00552 377.54474 373.00494 368.37137 363.6283 358.75922 353.74683 348.57385 343.22296 337.67838 331.92645 325.95758 319.7685 313.36462 306.76385 300
300 338.31427 373.75854 406.46387 436.56085 464.17886 489.44464 512.4818 533.4104 552.346 569.40015 584.6799 598.2879 610.3224 620.87775 630.0442 637.9078 644.5513 650.0537 654.49084 657.9349 660.45514 662.11774 662.98584 663.1196 662.5767 661.4116 659.6763 657.42 654.68945 651.5289 647.98004 644.0823 639.8726 635.38574 630.65405 625.708 620.57605 615.2845 609.85767 604.3182 598.6869 592.983 587.22394 581.42584 575.6033 569.76935 563.9361 558.11426 552.3135 546.5421 540.8076 535.11646 529.47437 523.8861 518.3556 512.88617 507.48038 502.1402 496.867 491.6616 486.52417 481.45453 476.45206 471.51563 466.6436 461.834 457.0845 452.39236 447.75443 443.16714 438.62665 434.12866 429.66846 425.2409 420.84048 416.46106 412.09622 407.73892 403.3816 399.016 394.6333 390.22406 385.77805 381.28427 376.7311 372.1061 367.39624 362.5877 357.6665 352.6184 347.42957 342.0869 336.57938 330.89844 325.03983 319.0054 312.80496 306.45877 300
300 339.20908 375.5381 409.10852 440.04236 468.4613 494.48557 518.2334 539.8205 559.3597 576.96027 592.72833 606.7663 619.1731 630.0441 639.47125 647.5427 654.34375 659.9561 664.4583 667.9256 670.4304 672.04193 672.8265 672.84717 672.16455 670.83624 668.9168 666.4583 663.5099 660.1182 656.32715 652.17816 647.71027 642.9598 637.96094 632.74554 627.34326 621.78186 616.08655 610.2809 604.38666 598.4237 592.4101 586.3625 580.2958 574.2235 568.15796 562.1101 556.08966 550.10504 544.16376 538.2723 532.4362 526.6603 520.94836 515.30347 509.7281 504.22394 498.79227 493.4336 488.14792 482.9348 477.79333 472.7222 467.7195 462.7831 457.91034 453.0983 448.34357 443.6425 438.99088 434.38437 429.81808 425.28677 420.78482 416.30615 411.84427 407.39227 402.94272 398.48758 394.0184 389.52618 385.00137 380.43378 375.81274 371.1271 366.3654 361.51566 356.56622 351.50537 346.32224 341.00723 335.55273 329.95413 324.21072 318.32745 312.31604 306.1968 300
300 339.98532 377.0816 411.40186 443.06036 472.172 498.85117 523.2112 545.3639 565.4193 583.485 599.6659 614.0643 626.77936 637.9078 647.5427 655.77466 662.6909 668.3758 672.9104 676.3731 678.839 680.3804 681.0663 680.963 680.1337 678.6388 676.5355 673.87836 670.71893 667.10596 663.0855 658.7008 653.9927 648.9991 643.7557 638.29565 632.6497 626.84674 620.9127 614.8721 608.7473 602.5587 596.32495 590.06287 583.7878 577.51337 571.2521 565.01495 558.81165 552.6507 546.5394 540.48425 534.4906 528.5629 522.705 516.91974 511.20926 505.57507 500.01816 494.53885 489.13687 483.81146 478.56152 473.3854 468.28107 463.2461 458.2776 453.37244 448.52707 443.73758 438.99966 434.30884 429.66006 425.0481 420.46725 415.9115 411.3744 406.84915 402.32852 397.80478 393.2699 388.7154 384.13235 379.51138 374.8428 370.1167 365.323 360.45148 355.49237 350.43625 345.2746 340.0005 334.6091 329.09833 323.46985 317.7302 311.89148 305.97263 300
300 340.65222 378.40726 413.37067 445.64984 475.35342 502.59064 527.47046 550.1013 570.59064 589.0442 605.56616 620.2586 633.22107 644.5513 654.34375 662.6909 669.6822 675.4042 679.94086 683.37305 685.7786 687.23267 687.8072 687.57104 686.5902 684.9275 682.64276 679.7928 676.43115 672.6089 668.37384 663.77106 658.8427 653.62836 648.1648 642.48645 636.62506 630.61005 624.46844 618.2252 611.9032 605.52313 599.104 592.6629 586.2153 579.7749 573.35406 566.9639 560.61395 554.31256 548.067 541.88336 535.7669 529.72186 523.75165 517.85895 512.04565 506.31305 500.66177 495.09186 489.60278 484.19354 478.86273 473.60846 468.42847 463.3201 458.2803 453.30573 448.39267 443.53702 438.7344 433.9802 429.26935 424.5966 419.95624 415.34232 410.74854 406.16827 401.59454 397.01993 392.4368 387.83728 383.2131 378.55566 373.85623 369.10602 364.29617 359.4181 354.46356 349.4251 344.2961 339.07172 333.74902 328.32767 322.8107 317.20517 311.52274 305.78024 300
300 341.21808 379.53162 415.03934 447.84256 478.04434 505.74924 531.06244 554.0893 574.93494 593.7037 610.49884 625.4224 638.5745 650.0537 659.9561 668.3758 675.40424 681.13043 685.6408 689.0187 691.3448 692.6967 693.1492 692.7735 691.6383 689.8087 687.347 684.3118 680.7591 676.74146 672.3086 667.50696 662.3802 656.96893 651.3111 645.442 639.3943 633.19794 626.8805 620.46735 613.9817 607.4445 600.8749 594.28986 587.70496 581.1339 574.58887 568.08075 561.61896 555.2115 548.8655 542.58673 536.3802 530.24976 524.1986 518.229 512.3427 506.54053 500.8229 495.1895 489.63968 484.172 478.78482 473.4761 468.24335 463.08365 457.9938 452.97034 448.00943 443.10675 438.25793 433.45828 428.70276 423.98608 419.30267 414.6466 410.0118 405.3918 400.78 396.1693 391.55255 386.9224 382.2712 377.59116 372.87442 368.11322 363.29987 358.42706 353.488 348.47665 343.3881 338.2188 332.96735 327.63452 322.2239 316.74255 311.20105 305.61407 300
300 341.69043 380.4696 416.4301 449.6676 480.28036 508.3688 534.0346 557.3805 578.5096 597.52496 614.5294 629.625 642.91235 654.4909 664.4584 672.91046 679.9409 685.6408 690.099 693.40125 695.63086 696.86804 697.1898 696.67017 695.3798 693.38635 690.754 687.5435 683.8124 679.6151 675.00275 670.023 664.7207 659.1375 653.3123 647.28094 641.07666 634.7299 628.2687 621.7184 615.1025 608.4419 601.75574 595.0611 588.37317 581.7055 575.07007 568.47736 561.9365 555.4554 549.0406 542.69775 536.4314 530.245 524.1414 518.1228 512.19025 506.34442 500.58545 494.9127 489.3252 483.8214 478.39938 473.05682 467.79105 462.59903 457.47745 452.42264 447.43066 442.49728 437.61795 432.788 428.00244 423.25604 418.54337 413.8586 409.19592 404.54907 399.91174 395.2773 390.63907 385.99017 381.32367 376.6324 371.90933 367.1477 362.34082 357.48248 352.56708 347.58972 342.5467 337.4357 332.2561 327.00934 321.69925 316.3324 310.91818 305.46902 300
300 342.07617 381.235 417.56335 451.15186 482.09454 510.488 536.431 560.024 581.3683 600.56616 617.72 632.93195 646.30347 657.93506 667.9258 676.37317 683.3731 689.0188 693.40137 696.6091 698.7276 699.83954 700.0244 699.35834 697.9143 695.7618 692.96704 689.5925 685.6974 681.33746 676.5651 671.4292 665.9754 660.24615 654.2809 648.116 641.7851 635.31885 628.7453 622.09015 615.3766 608.6255 601.8558 595.0842 588.3258 581.59375 574.89966 568.2536 561.6644 555.1395 548.6852 542.3066 536.0078 529.792 523.66174 517.6187 511.66373 505.79718 500.01877 494.32773 488.72272 483.20206 477.76364 472.4049 467.12302 461.91486 456.777 451.7057 446.69693 441.7465 436.84985 432.00232 427.199 422.43488 417.7044 413.00226 408.32266 403.65973 399.00748 394.35968 389.71005 385.05234 380.3801 375.68692 370.9666 366.21307 361.4206 356.58386 351.6982 346.7598 341.76578 336.71457 331.6062 326.4424 321.22693 315.9657 310.6669 305.34088 300
300 342.38174 381.84042 418.45786 452.32016 483.51733 512.1429 538.29285 562.06573 583.5617 602.88226 620.12946 635.4059 648.81396 660.4553 670.4306 678.8391 685.77875 691.345 695.63104 698.72766 700.7228 701.7014 701.7451 700.9322 699.3377 697.03284 694.0856 690.55994 686.5165 682.01227 677.1005 671.83105 666.2502 660.40094 654.32306 648.0534 641.62555 635.07007 628.4152 621.68634 614.9065 608.09625 601.27423 594.4568 587.65845 580.892 574.1687 567.49817 560.8887 554.3472 547.8797 541.4907 535.1841 528.9625 522.8282 516.7825 510.82584 504.9584 499.17957 493.48828 487.88303 482.362 476.92285 471.56287 466.27917 461.0685 455.9274 450.85205 445.83844 440.88235 435.97943 431.125 426.31424 421.5423 416.8039 412.09384 407.40662 402.73666 398.07837 393.42593 388.77347 384.11523 379.44534 374.7581 370.04785 365.30933 360.53757 355.72806 350.87686 345.98087 341.03802 336.0472 331.00882 325.92465 320.79825 315.63477 310.44128 305.22635 300
300 342.613 382.29773 419.13123 453.1956 484.57733 513.36707 539.65875 563.54913 585.13745 604.5248 621.8134 637.10626 650.50684 662.118 672.0422 680.38055 687.2329 692.69696 696.8682 699.83966 701.7014 702.54065 702.44104 701.4828 699.7427 697.29376 694.2053 690.5428 686.3678 681.73834 676.7084 671.32837 665.64514 659.702 653.5389 647.19257 640.69653 634.08136 627.3748 620.60205 613.7857 606.9459 600.1008 593.2663 586.45636 579.6832 572.9576 566.28864 559.6841 553.15045 546.69305 540.3162 534.02325 527.81665 521.698 515.66833 509.72794 503.87662 498.11353 492.4374 486.84662 481.33908 475.91232 470.56366 465.2901 460.08832 454.95483 449.88586 444.8774 439.92535 435.02542 430.173 425.36353 420.59225 415.85413 411.14423 406.45724 401.78806 397.13126 392.48157 387.83353 383.18182 378.5211 373.84628 369.1523 364.43448 359.68854 354.91064 350.09747 345.24652 340.35614 335.42572 330.45572 325.44797 320.40555 315.33304 310.2364 305.12265 300
300 342.7755 382.61783 419.5998 453.79974 485.3012 514.1922 540.5649 564.5148 586.1405 605.54285 622.82465 638.0894 651.4418 662.98615 672.82666 681.06647 687.80743 693.1494 697.19 700.02454 701.7452 702.44104 702.1978 701.0975 699.2183 696.635 693.4179 689.6336 685.34467 680.60956 675.483 670.0157 664.25464 658.24335 652.02155 645.62585 639.0894 632.4425 625.71246 618.92395 612.09894 605.25714 598.41595 591.59076 584.79486 578.04004 571.33624 564.6922 558.1149 551.6106 545.184 538.839 532.5784 526.40454 520.3184 514.32086 508.41196 502.5911 496.85736 491.20935 485.64517 480.1627 474.75943 469.43256 464.17905 458.9957 453.8789 448.82498 443.83014 438.8902 434.00104 429.15826 424.35745 419.59406 414.8633 410.16043 405.48053 400.8187 396.16998 391.52945 386.89206 382.25293 377.60724 372.95035 368.27783 363.58548 358.86957 354.12686 349.35455 344.5505 339.71344 334.843 329.93973 325.0053 320.04248 315.0551 310.04825 305.02768 300
300 342.87436 382.81097 419.8788 454.15286 485.71387 514.6478 541.0454 565.00116 586.61334 605.983 623.2133 638.409 651.6759 663.12006 672.8474 680.96326 687.57135 692.7738 696.6704 699.3586 700.9323 701.4828 701.0975 699.85986 697.8497 695.14276 691.81055 687.92035 683.53546 678.71466 673.513 667.98145 662.1668 656.11224 649.85736 643.4384 636.88794 630.2357 623.5086 616.7303 609.92236 603.1037 596.291 589.49896 582.74023 576.026 569.3655 562.7668 556.23645 549.7801 543.40204 537.10565 530.8935 524.76733 518.7281 512.7762 506.91144 501.13312 495.4402 489.83096 484.30356 478.85577 473.4851 468.18875 462.96365 457.80658 452.7141 447.68262 442.70837 437.78745 432.91577 428.08914 423.30334 418.55405 413.8368 409.14697 404.48007 399.83145 395.19656 390.57074 385.94946 381.32816 376.70255 372.06836 367.42175 362.75888 358.0766 353.37195 348.6426 343.88687 339.10364 334.2927 329.45456 324.5908 319.70374 314.79666 309.8737 304.93967 300
300 342.91434 382.88675 419.98254 454.27374 485.83878 514.7618 541.1323 565.04443 586.5962 605.889 623.0269 638.11597 651.2634 662.57715 672.1649 680.1341 686.5906 691.6387 695.3802 697.9146 699.33795 699.7428 699.2184 697.84973 695.71765 692.8989 689.46576 685.48615 681.02344 676.13696 670.8816 665.30817 659.46313 653.3894 647.1259 640.7083 634.1686 627.5357 620.8357 614.09155 607.32404 600.5513 593.789 587.05133 580.3502 573.696 567.0974 560.56177 554.0953 547.7029 541.3885 535.155 529.00476 522.9389 516.95844 511.06342 505.25345 499.52762 493.8848 488.32327 482.84113 477.436 472.1056 466.84692 461.65714 456.53302 451.4713 446.46848 441.5209 436.62485 431.7764 426.97156 422.20633 417.47662 412.7782 408.10675 403.45807 398.82785 394.2118 389.60565 385.00528 380.40643 375.8053 371.19806 366.58112 361.9512 357.30548 352.64136 347.95682 343.2505 338.5214 333.7694 328.99496 324.19946 319.3849 314.554 309.71014 304.85736 300
300 342.9 382.85416 419.92447 454.1803 485.698 514.56036 540.85596 564.6787 586.12683 605.3024 622.31067 637.25885 650.2561 661.4121 670.8366 678.6392 684.928 689.80914 693.3868 695.76215 697.03314 697.294 696.63513 695.1428 692.8989 689.9809 686.4615 682.4089 677.8868 672.9542 667.6659 662.0722 656.2192 650.14905 643.8999 637.50665 631.0005 624.4095 617.7587 611.0704 604.36414 597.6574 590.9651 584.3004 577.6746 571.0973 564.5766 558.1192 551.73083 545.4159 539.1778 533.01917 526.9419 520.94696 515.0351 509.20612 503.45956 497.79443 492.20947 486.70294 481.27292 475.91718 470.63324 465.41837 460.26968 455.1842 450.15872 445.18985 440.27417 435.40808 430.58786 425.80978 421.07 416.36472 411.68994 407.04163 402.41583 397.80865 393.21594 388.6339 384.05865 379.48648 374.91373 370.33698 365.75308 361.1591 356.55246 351.93094 347.2928 342.63672 337.96198 333.26843 328.55646 323.8272 319.0824 314.32422 309.55557 304.77963 300
300 342.83557 382.72162 419.7172 453.88922 485.31238 514.0683 540.245 563.9364 585.2413 604.26276 621.1071 635.8835 648.70276 659.6767 668.9172 676.5359 682.6432 687.3473 690.75433 692.96735 694.0858 694.20557 693.4181 691.8106 689.4658 686.46155 682.8708 678.7619 674.1983 669.2388 663.93756 658.3443 652.5043 646.4589 640.2455 633.8977 627.446 620.9173 614.33563 607.72217 601.09576 594.47284 587.8673 581.2917 574.7564 568.2704 561.8412 555.4748 549.1764 542.94995 536.7986 530.7245 524.7293 518.81384 512.9786 507.2232 501.54715 495.9494 490.42865 484.98306 479.6109 474.30994 469.0778 463.9118 458.80923 453.7672 448.78262 443.85236 438.97308 434.14142 429.35394 424.60703 419.89716 415.22064 410.57376 405.95285 401.3542 396.77408 392.20886 387.6549 383.1087 378.56674 374.02585 369.48288 364.935 360.37958 355.81427 351.23712 346.6466 342.0416 337.4214 332.78583 328.13525 323.47058 318.7932 314.105 309.40826 304.70563 300
300 342.725 382.49713 419.37262 453.4163 484.70135 513.3087 539.3261 562.84784 583.97345 602.8071 619.4568 634.0335 646.6501 657.42035 666.4586 673.8787 679.79315 684.3121 687.5438 689.59283 690.5602 690.543 689.6337 687.9204 685.48615 682.409 678.762 674.61316 670.02563 665.05756 659.76245 654.189 648.3817 642.38074 636.2224 629.9394 623.56085 617.1126 610.6177 604.096 597.5655 591.0415 584.5373 578.06433 571.6324 565.2497 558.92303 552.6582 546.45953 540.3307 534.2745 528.2928 522.387 516.5579 510.80573 505.13 499.5302 494.00525 488.5538 483.17413 477.86456 472.62292 467.44696 462.33417 457.28195 452.2875 447.34796 442.4603 437.62152 432.82828 428.07748 423.36572 418.6897 414.04587 409.43085 404.84122 400.2735 395.72433 391.19025 386.66794 382.1542 377.64587 373.13998 368.6337 364.12445 359.60986 355.0879 350.55676 346.015 341.4617 336.89618 332.31824 327.72818 323.12668 318.5149 313.89432 309.26685 304.63464 300
300 342.5721 382.18814 418.90182 452.77625 483.88342 512.3037 538.12494 561.44196 582.35535 600.9708 617.3981 631.7501 644.14197 654.68976 663.51013 670.71924 676.43146 680.75934 683.8127 685.69763 686.5167 686.36804 685.3448 683.5355 681.0235 677.8869 674.1984 670.0257 665.4311 660.472 655.20087 649.66534 643.9088 637.9702 631.8847 625.68365 619.3949 613.043 606.64996 600.2346 593.8137 587.4017 581.0109 574.6519 568.33386 562.0642 555.84937 549.69434 543.6033 537.5793 531.625 525.74207 519.9316 514.1943 508.5302 502.93903 497.42004 491.9722 486.59427 481.2846 476.04153 470.86307 465.74704 460.6912 455.69293 450.7497 445.8588 441.0174 436.22266 431.4715 426.761 422.08795 417.44925 412.84174 408.26215 403.70734 399.1741 394.65927 390.1597 385.67236 381.1942 376.7225 372.25443 367.78745 363.3192 358.8476 354.37073 349.88696 345.39505 340.89404 336.38336 331.86282 327.33255 322.7931 318.24536 313.69058 309.13025 304.5661 300
300 342.3804 381.80173 418.31546 451.98312 482.87595 511.07394 536.6654 559.74585 580.4173 598.7871 614.9671 629.07227 641.22003 651.5291 660.1184 667.1062 672.60913 676.7417 679.6153 681.3377 682.01245 681.7385 680.6096 678.71466 676.13696 672.95435 669.23895 665.0577 660.47205 655.5383 650.3078 644.8269 639.13763 633.27765 627.28064 621.1765 614.99194 608.7503 602.4722 596.17554 589.87573 583.5863 577.3189 571.0831 564.8874 558.73865 552.64276 546.60425 540.62695 534.7136 528.8665 523.08716 517.3765 511.73526 506.1634 500.66055 495.226 489.85886 484.55786 479.32153 474.14822 469.03616 463.98334 458.98752 454.04645 449.15765 444.31857 439.52667 434.7792 430.07336 425.4064 420.77533 416.1773 411.60934 407.06845 402.55173 398.05618 393.57883 389.11685 384.66748 380.22787 375.7955 371.3678 366.94247 362.5174 358.09064 353.66043 349.22534 344.78418 340.3361 335.8805 331.41714 326.94614 322.46783 317.98297 313.49246 308.9975 304.4995 300
300 342.15314 381.34445 417.62335 451.0501 481.69528 509.63895 534.97003 557.78516 578.1878 596.2874 612.198 626.03687 637.9239 647.9803 656.3274 663.0857 668.374 672.3087 675.0028 676.56525 677.10065 676.7085 675.483 673.513 670.8816 667.666 663.93774 659.7626 655.201 650.30786 645.1332 639.72205 634.1148 628.34766 622.4528 616.45886 610.391 604.27124 598.1191 591.95105 585.78186 579.6238 573.4876 567.38226 561.3157 555.294 549.32263 543.4058 537.5469 531.7484 526.0124 520.34033 514.73315 509.1912 503.71463 498.30307 492.95593 487.6723 482.45108 477.29083 472.1901 467.1472 462.16028 457.22733 452.34622 447.51465 442.7303 437.99075 433.29352 428.636 424.01553 419.42947 414.87515 410.34976 405.8506 401.3749 396.91995 392.48303 388.0615 383.65277 379.25436 374.8638 370.4788 366.0973 361.71735 357.3371 352.95502 348.5698 344.1803 339.78568 335.38538 330.97916 326.56702 322.14917 317.7262 313.2988 308.86786 304.43454 300
300 341.89346 380.8225 416.8348 449.98956 480.35687 508.01715 533.0602 555.584 575.69403 593.5016 609.12317 622.6787 634.2906 644.0825 652.1784 658.701 663.7712 667.5071 670.023 671.42926 671.8311 671.3284 670.0157 667.98145 665.30817 662.0723 658.3444 654.18915 649.66547 644.82697 639.7221 634.3941 628.88196 623.22015 617.4394 611.5667 605.6259 599.6378 593.6204 587.58936 581.55817 575.53827 569.53955 563.5704 557.6378 551.7478 545.9051 540.11365 534.37646 528.696 523.07416 517.5121 512.0109 506.57083 501.19196 495.87408 490.6166 485.41873 480.2795 475.19766 470.17184 465.2005 460.28192 455.41425 450.59555 445.82376 441.09674 436.41223 431.76785 427.16132 422.59012 418.05185 413.5439 409.0639 404.60922 400.17734 395.76572 391.37186 386.99335 382.6278 378.27295 373.92648 369.58636 365.25064 360.91754 356.58545 352.25287 347.91855 343.5815 339.24094 334.89624 330.54715 326.1936 321.83572 317.47388 313.10864 308.74066 304.37082 300
300 341.6043 380.24185 415.95868 448.8131 478.87524 506.22592 530.95605 553.16534 572.96124 590.45746 605.7729 619.0304 630.355 639.87286 647.7105 653.99286 658.84283 662.38025 664.72076 665.97546 666.25024 665.6452 664.2547 662.1668 659.4632 656.2193 652.5044 648.38184 643.909 639.1378 634.11487 628.88196 623.47626 617.9305 612.2738 606.5317 600.7266 594.87787 589.0024 583.1147 577.22723 571.35065 565.49396 559.665 553.87024 548.11505 542.40393 536.7404 531.12744 525.5672 520.0615 514.61145 509.21802 503.88156 498.60217 493.37973 488.21375 483.10352 478.04822 473.0467 468.09772 463.19995 458.35175 453.55154 448.79752 444.0878 439.42044 434.7933 430.20425 425.65115 421.13174 416.64377 412.18488 407.7528 403.34515 398.95956 394.59375 390.2454 385.9123 381.59225 377.2831 372.98285 368.68958 364.40146 360.11688 355.8343 351.55243 347.27008 342.98627 338.7003 334.41153 330.11966 325.8246 321.52628 317.22504 312.9212 308.61536 304.30804 300
300 341.28848 379.60797 415.00317 447.5318 477.26404 504.28152 528.6765 550.5505 570.01324 587.1812 602.17584 615.1227 626.1498 635.386 642.96 648.9993 653.6285 656.969 659.13763 660.24634 660.40106 659.70215 658.24347 656.11224 653.3894 650.14905 646.45905 642.3809 637.97046 633.27783 628.3478 623.2203 617.93054 612.5098 606.9855 601.38153 595.71893 590.0157 584.2875 578.54785 572.8083 567.0786 561.36725 555.68134 550.02673 544.40845 538.8307 533.2969 527.80963 522.371 516.98267 511.64594 506.36157 501.13004 495.95148 490.82578 485.75262 480.7315 475.76163 470.84198 465.9716 461.1491 456.3732 451.64233 446.95496 442.30936 437.70374 433.13617 428.60464 424.10724 419.64194 415.2066 410.79907 406.41727 402.05896 397.72205 393.40436 389.10376 384.81824 380.5458 376.28442 372.0323 367.78763 363.54877 359.3142 355.08252 350.85248 346.62305 342.39325 338.1624 333.92993 329.69543 325.45877 321.21982 316.97876 312.73584 308.49146 304.246 300
300 340.94852 378.92603 413.97607 446.1559 475.53607 502.1992 526.23914 547.7596 566.8726 583.6975 598.35864 610.98444 621.7058 630.6543 637.9612 643.7559 648.16504 651.31134 653.3125 654.28107 654.3233 653.5391 652.0217 649.8575 647.12604 643.89996 640.2456 636.22266 631.88495 627.2808 622.45306 617.4396 612.27386 606.98553 601.60016 596.1402 590.62524 585.07196 579.495 573.9068 568.31793 562.73755 557.1734 551.63214 546.11914 540.639 535.1956 529.7923 524.43146 519.1153 513.84515 508.6224 503.44778 498.32196 493.2451 488.21716 483.23795 478.307 473.4238 468.5874 463.79694 459.05133 454.34924 449.68948 445.07056 440.4909 435.94888 431.44287 426.97092 422.5313 418.12222 413.74164 409.38763 405.05823 400.75146 396.4653 392.1978 387.94708 383.71118 379.48825 375.27652 371.07428 366.87988 362.69183 358.50864 354.3291 350.15204 345.97638 341.8014 337.62622 333.45038 329.27347 325.0952 320.91553 316.7344 312.55203 308.36865 304.1845 300
300 340.58688 378.201 412.88467 444.69513 473.70337 499.99332 523.66064 544.8114 563.56036 580.02954 594.3465 606.64264 617.0518 625.7083 632.7458 638.29584 642.4867 645.4423 647.28125 648.1163 648.05365 647.1928 645.62604 643.43854 640.7085 637.50684 633.89795 629.93964 625.6839 621.17676 616.4591 611.56696 606.53186 601.38165 596.14026 590.82874 585.4651 580.0649 574.6416 569.20685 563.7703 558.3405 552.92456 547.52856 542.15765 536.8159 531.50726 526.2347 521.0005 515.8068 510.65512 505.54663 500.48227 495.46262 490.48804 485.55847 480.67395 475.83414 471.03857 466.2865 461.5772 456.9097 452.28293 447.6957 443.1468 438.63477 434.1581 429.7154 425.30493 420.925 416.57404 412.25018 407.95166 403.67664 399.42334 395.18994 390.9746 386.77563 382.5912 378.4196 374.25922 370.10846 365.96585 361.82996 357.6995 353.57324 349.45013 345.32916 341.20963 337.0907 332.97192 328.85284 324.73315 320.61267 316.49136 312.3693 308.24658 304.1234 300
300 340.2059 377.43726 411.73575 443.15842 471.77713 497.6773 520.95667 541.7237 560.09607 576.1989 590.1629 602.1225 612.2146 620.5763 627.3435 632.6499 636.62524 639.3946 641.07697 641.7854 641.6258 640.69684 639.08966 636.8882 634.1688 631.0007 627.4462 623.5611 619.3951 614.9922 610.39124 605.6261 600.7268 595.71906 590.6253 585.4651 580.2551 575.0099 569.74176 564.46136 559.17773 553.89874 548.631 543.3801 538.151 532.94745 527.7732 522.631 517.5232 512.45184 507.41843 502.42416 497.47003 492.5567 487.68463 482.85394 478.06464 473.3166 468.60947 463.94263 459.31552 454.72726 450.17697 445.6636 441.1861 436.74316 432.3335 427.9557 423.60834 419.28986 414.99878 410.7334 406.49213 402.27335 398.07535 393.89648 389.7351 385.58963 381.45834 377.33972 373.2323 369.13458 365.04514 360.96274 356.88614 352.81427 348.7461 344.68066 340.61722 336.5551 332.49377 328.4328 324.37183 320.3106 316.24908 312.18723 308.125 304.06256 300
300 339.80762 376.63916 410.53558 441.55426 469.76794 495.26376 518.14166 538.5129 556.4981 572.2257 585.8296 597.4475 607.21924 615.2846 621.782 626.8468 630.61017 633.1982 634.7302 635.31915 635.0703 634.0816 632.4428 630.2361 627.53595 624.4097 620.91754 617.11285 613.0433 608.75055 604.2715 599.638 594.87805 590.01575 585.072 580.0649 575.0099 569.9203 564.80756 559.6816 554.55054 549.42175 544.3016 539.1951 534.1069 529.0408 524.00006 518.9874 514.0054 509.0558 504.14014 499.25977 494.41562 489.6086 484.8391 480.10745 475.41376 470.75797 466.13983 461.55896 457.0149 452.50684 448.03406 443.59573 439.19086 434.81836 430.47705 426.16568 421.88293 417.62744 413.39777 409.19254 405.0102 400.84927 396.70825 392.5856 388.4798 384.38937 380.31284 376.24872 372.19568 368.15234 364.11743 360.08975 356.06815 352.05164 348.03928 344.03015 340.02353 336.01877 332.01532 328.01276 324.01074 320.0089 316.0072 312.0055 308.00372 304.0019 300
300 339.39404 375.81064 409.29022 439.89056 467.68567 492.76443 515.22925 535.1944 552.7836 568.1287 581.367 592.63947 602.0889 609.8577 616.0867 620.9128 624.46857 626.88074 628.2689 628.7456 628.41547 627.37506 625.71277 623.5089 620.83594 617.759 614.3359 610.61786 606.6502 602.4725 598.11926 593.6206 589.0025 584.28754 579.49506 574.64166 569.74176 564.8075 559.8496 554.87714 549.8977 544.918 539.9441 534.9808 530.0322 525.1022 520.1938 515.3097 510.45233 505.62357 500.82498 496.05795 491.32346 486.6224 481.95535 477.32275 472.72476 468.16153 463.63284 459.1385 454.6781 450.25104 445.85675 441.49445 437.16333 432.86243 428.5907 424.34705 420.13028 415.93915 411.7724 407.62878 403.5069 399.40536 395.32285 391.2579 387.20917 383.17532 379.15494 375.14673 371.1494 367.16174 363.18253 359.21066 355.24512 351.28494 347.32925 343.37717 339.428 335.48114 331.53604 327.59225 323.6494 319.70718 315.76538 311.82385 307.8825 303.94122 300
300 338.96707 374.95544 408.00525 438.17477 465.53946 490.1902 512.2321 531.7825 548.9686 563.92554 576.7941 587.71875 596.8451 604.31824 610.281 614.8722 618.2254 620.4676 621.7187 622.0905 621.68665 620.6023 618.92413 616.7305 614.09186 611.0706 607.7224 604.09625 600.23486 596.1757 591.95123 587.58954 583.1148 578.5479 573.9068 569.20685 564.4613 559.68146 554.8771 550.0565 545.227 540.3947 535.5653 530.7433 525.93274 521.1371 516.3595 511.6026 506.86868 502.1597 497.47726 492.82275 488.1973 483.6018 479.03693 474.5032 470.001 465.53046 461.0915 456.68408 452.30792 447.96252 443.64746 439.36206 435.10565 430.87738 426.67633 422.50156 418.35196 414.2265 410.12402 406.04337 401.98328 397.94257 393.91992 389.9141 385.92377 381.94778 377.9849 374.03384 370.0935 366.16266 362.2403 358.32535 354.4168 350.51385 346.6156 342.72128 338.8302 334.94177 331.05548 327.17084 323.28748 319.40506 315.52332 311.6421 307.76123 303.88055 300
300 338.52844 374.07706 406.68582 436.41373 463.33777 487.5512 509.16202 528.2906 545.0678 559.6323 572.1285 582.704 591.50757 598.6869 604.3868 608.74744 611.9034 613.98193 615.1028 615.3769 614.90674 613.7859 612.0991 609.92255 607.3242 604.3643 601.09595 597.5657 593.8139 589.87585 585.7819 581.5582 577.22723 572.8083 568.31793 563.7703 559.1777 554.5504 549.8976 545.227 540.5452 535.8582 531.1711 526.4883 521.8137 517.1505 512.502 507.87076 503.25888 498.66837 494.10098 489.55804 485.0408 480.55026 476.0872 471.65213 467.2455 462.86768 458.51868 454.19852 449.90698 445.6438 441.4086 437.2008 433.0199 428.8651 424.73572 420.63086 416.5496 412.49097 408.4539 404.43738 400.44037 396.46167 392.50015 388.5547 384.62408 380.70724 376.80304 372.9103 369.02805 365.15515 361.29065 357.43356 353.583 349.7381 345.89804 342.06216 338.22977 334.4003 330.57324 326.74817 322.92462 319.10226 315.2808 311.46002 307.63977 303.81982 300
300 338.07968 373.17856 405.3366 434.6137 461.08856 484.85696 506.02975 524.7309 541.0949 555.26404 567.3862 577.6126 586.0948 592.9829 598.42377 602.55884 605.5233 607.4447 608.44214 608.62573 608.0965 606.94617 605.2573 603.1038 600.55133 597.6575 594.4729 591.04156 587.40173 583.58636 579.62384 575.5383 571.35065 567.0786 562.73755 558.3405 553.8987 549.4217 544.918 540.3948 535.8582 531.31384 526.7666 522.22064 517.67975 513.1471 508.62573 504.11816 499.62674 495.15335 490.69974 486.26733 481.85745 477.4712 473.10928 468.77246 464.46127 460.1761 455.91708 451.68433 447.47772 443.29715 439.1423 435.01273 430.90802 426.82755 422.77066 418.7366 414.7246 410.7338 406.7632 402.812 398.87915 394.96362 391.0644 387.18042 383.31067 379.45413 375.60968 371.7764 367.95328 364.13934 360.33365 356.53534 352.74353 348.95746 345.17636 341.39957 337.62646 333.8565 330.08917 326.32397 322.56055 318.79852 315.0376 311.27753 307.518 303.7589 300
300 337.62234 372.263 403.96216 432.78064 458.79913 482.1161 502.84555 521.1149 537.0625 550.8344 562.58234 572.4606 580.6236 587.22394 592.41016 596.325 599.1041 600.875 601.756 601.85596 601.2744 600.10095 598.4161 596.2911 593.78906 590.96515 587.8674 584.53735 581.01086 577.3189 573.4877 569.5396 565.494 561.3673 557.1734 552.92456 548.631 544.3015 539.94403 535.5653 531.1711 526.7666 522.3565 517.9449 513.5352 509.13077 504.7344 500.3487 495.97592 491.6181 487.27695 482.95395 478.65045 474.3676 470.10626 465.86725 461.65115 457.45837 453.28928 449.14398 445.02252 440.92484 436.85074 432.79987 428.77197 424.76645 420.78278 416.82037 412.87848 408.9564 405.05328 401.1683 397.3006 393.44928 389.6134 385.792 381.98413 378.18887 374.40527 370.6324 366.86935 363.1153 359.3693 355.6306 351.89835 348.17188 344.4504 340.73334 337.0201 333.31012 329.6029 325.89807 322.19513 318.49374 314.79358 311.09442 307.39587 303.6978 300
300 337.15775 371.33307 402.5664 430.9199 456.47623 479.33664 499.6186 517.4532 532.9824 546.35645 557.7305 567.2623 575.1092 581.42584 586.36255 590.0629 592.6631 594.2901 595.06134 595.0844 594.4569 593.26636 591.5908 589.49896 587.05133 584.3004 581.2917 578.06433 574.6519 571.0831 567.3824 563.57043 559.66504 555.68134 551.6321 547.5285 543.38007 539.19507 534.98065 530.7432 526.4882 522.22064 517.9449 513.66473 509.3838 505.1051 500.83157 496.5657 492.30988 488.06598 483.83585 479.62097 475.4228 471.24243 467.08093 462.9391 458.81763 454.71704 450.6377 446.57983 442.54358 438.52896 434.53592 430.5642 426.61353 422.68353 418.77374 414.8836 411.01263 407.16006 403.3252 399.50735 395.70575 391.9195 388.14792 384.39005 380.64502 376.912 373.19012 369.47858 365.77655 362.0832 358.39774 354.71942 351.04745 347.38123 343.7201 340.06335 336.4105 332.76102 329.11444 325.47028 321.8282 318.18774 314.54865 310.9106 307.27332 303.63654 300
300 336.68723 370.3914 401.15326 429.03653 454.12607 476.52603 496.35736 513.75507 528.8652 541.8417 552.84344 562.0314 569.56573 575.60333 580.29584 583.78784 586.21545 587.7052 588.3734 588.32605 587.65857 586.4564 584.7949 582.7403 580.3502 577.6746 574.7565 571.6324 568.33386 564.8874 561.3157 557.6378 553.87024 550.02673 546.1191 542.1576 538.1509 534.1068 530.0321 525.9326 521.8136 517.67975 513.5352 509.3838 505.22885 501.07352 496.92053 492.77246 488.63162 484.50003 480.37936 476.2713 472.17725 468.09848 464.03598 459.9907 455.96332 451.95447 447.9646 443.99408 440.04306 436.1116 432.1998 428.3075 424.43448 420.58044 416.74506 412.92786 409.12836 405.34598 401.58014 397.8302 394.09546 390.37518 386.66876 382.97522 379.2939 375.624 371.96472 368.31537 364.6751 361.04327 357.41907 353.80188 350.1909 346.58557 342.98532 339.38947 335.79755 332.20905 328.62354 325.0405 321.4596 317.88043 314.30267 310.72607 307.15027 303.575 300
300 336.21188 369.44016 399.7262 427.13516 451.75436 473.69104 493.06985 510.0297 524.72064 537.30066 547.9323 556.7797 564.0058 569.7695 574.2237 577.51355 579.7751 581.13416 581.70575 581.59393 580.89215 579.68335 578.0401 576.026 573.696 571.09735 568.2705 565.2497 562.0642 558.73865 555.29395 551.74774 548.11505 544.40845 540.639 536.81586 532.9474 529.0407 525.10205 521.13696 517.1505 513.1471 509.13074 505.10513 501.07355 497.03897 493.00424 488.97186 484.9441 480.92294 476.91022 472.9076 468.9165 464.93826 460.9739 457.0244 453.0905 449.17297 445.27228 441.38885 437.52295 433.6747 429.84427 426.03156 422.23645 418.45874 414.69818 410.95438 407.227 403.51544 399.81927 396.1379 392.47076 388.81726 385.17664 381.54825 377.93143 374.32538 370.7295 367.14307 363.5653 359.99567 356.43347 352.87802 349.32874 345.78494 342.24615 338.71173 335.18124 331.65417 328.13013 324.6086 321.08923 317.57172 314.05566 310.54074 307.02667 303.51318 300
300 335.7328 368.48157 398.28836 425.21997 449.36633 470.83792 489.76315 506.28497 520.5576 532.74316 543.0077 551.5185 558.4411 563.9363 568.15814 571.25226 573.3543 574.5891 575.07025 574.89984 574.16895 572.95776 571.33636 569.36554 567.0975 564.5767 561.84125 558.9231 555.8493 552.6427 549.32263 545.9051 542.40393 538.83075 535.1956 531.50726 527.77313 524.0 520.19366 516.3594 512.502 508.6257 504.7344 500.8316 496.92056 493.00424 489.08542 485.16653 481.24988 477.33743 473.43103 469.5324 465.643 461.76413 457.89694 454.04245 450.20148 446.3747 442.5628 438.76617 434.9852 431.2201 427.471 423.73804 420.02106 416.31998 412.63458 408.9646 405.30975 401.66956 398.04364 394.43146 390.83252 387.24637 383.6723 380.10974 376.55807 373.01666 369.48483 365.96198 362.44748 358.94073 355.4412 351.94815 348.46106 344.97937 341.50256 338.0301 334.56152 331.09634 327.63416 324.17453 320.7171 317.26154 313.80746 310.35455 306.90253 303.4511 300
300 335.25092 367.51752 396.8426 423.2948 446.96677 467.97232 486.44382 502.52835 516.3844 528.178 538.07886 546.2576 552.88196 558.1145 562.11035 565.0152 566.9642 568.081 568.47754 568.25385 567.4984 566.2889 564.6924 562.7669 560.5619 558.1194 555.4749 552.6582 549.69434 546.60425 543.40576 540.1136 536.7404 533.2969 529.79224 526.2346 522.6309 518.9874 515.30963 511.60254 507.8707 504.1182 500.34872 496.56577 492.7725 488.97186 485.16656 481.35898 477.55136 473.7458 469.94412 466.148 462.359 458.5784 454.80737 451.04703 447.29816 443.56165 439.838 436.12787 432.4316 428.74948 425.08173 421.42853 417.78986 414.16556 410.5556 406.95978 403.3778 399.80942 396.2542 392.7118 389.18167 385.6634 382.1565 378.6604 375.17453 371.6983 368.2312 364.77258 361.32196 357.87872 354.44238 351.01233 347.58804 344.16898 340.75464 337.3446 333.9384 330.53552 327.13562 323.73828 320.34314 316.9499 313.5581 310.16754 306.77786 303.3888 300
300 334.76715 366.5498 395.3916 421.3632 444.56 465.0994 483.1178 498.7665 512.2083 523.61316 533.1546 541.0061 547.33777 552.3137 556.0899 558.8119 560.61426 561.6192 561.93677 561.66473 560.88904 559.6844 558.11523 556.23663 554.0954 551.731 549.1765 546.4596 543.6033 540.6269 537.5468 534.37646 531.12744 527.8096 524.43146 521.0005 517.5232 514.0054 510.4523 506.86868 503.25885 499.62674 495.97598 492.30994 488.63165 484.94412 481.2499 477.55136 473.85086 470.15033 466.4517 462.75665 459.06668 455.38312 451.70724 448.04007 444.38257 440.73563 437.09982 433.4757 429.86386 426.26456 422.67804 419.10455 415.5442 411.99683 408.46252 404.9411 401.4324 397.93622 394.4521 390.97983 387.51898 384.06915 380.62994 377.20084 373.78134 370.3709 366.96906 363.5753 360.1891 356.80994 353.43738 350.07083 346.7098 343.35385 340.0025 336.65533 333.3119 329.97174 326.63452 323.29987 319.96735 316.63672 313.30756 309.9796 306.6526 303.32614 300
300 334.28235 365.58008 393.93787 419.42834 442.14996 462.22388 479.79047 495.0055 508.03595 519.0559 528.24243 535.7719 541.81665 546.54236 550.1053 552.65094 554.31287 555.2118 555.4557 555.1399 554.3476 553.15076 551.6109 549.78033 547.70306 545.416 542.9501 540.3308 537.5794 534.7137 531.7484 528.69604 525.5672 522.371 519.11523 515.8068 512.45184 509.05576 505.62357 502.15973 498.66837 495.15338 491.61816 488.06607 484.50003 480.92297 477.33743 473.74582 470.15033 466.55304 462.95575 459.36023 455.76788 452.18024 448.5984 445.0235 441.4566 437.8985 434.3499 430.81143 427.2836 423.7668 420.26135 416.76752 413.28546 409.81516 406.35663 402.90985 399.47464 396.0509 392.63824 389.23654 385.84534 382.46442 379.09332 375.73172 372.37906 369.0349 365.69885 362.37045 359.0492 355.73465 352.42633 349.1238 345.82657 342.5342 339.24628 335.9624 332.68213 329.4051 326.13092 322.85925 319.58972 316.32205 313.05585 309.79086 306.52673 303.2632 300
300 333.79718 364.6097 392.48337 417.49304 439.7402 459.34985 476.46655 491.2506 503.87323 514.5126 523.3491 530.5622 536.3262 540.80786 544.16394 546.5396 548.0672 548.8657 549.04095 548.68555 547.88 546.6933 545.1842 543.4022 541.3887 539.1779 536.79865 534.2746 531.6251 528.8665 526.0124 523.0742 520.0615 516.9828 513.84515 510.65512 507.4184 504.14014 500.825 497.4773 494.10098 490.6998 487.277 483.8359 480.3794 476.91025 473.43106 469.94418 466.45172 462.9558 459.4582 455.9606 452.46454 448.9715 445.4826 441.99908 438.52185 435.05188 431.5899 428.1365 424.69232 421.25775 417.83316 414.41882 411.015 407.62173 404.23907 400.867 397.5055 394.15442 390.81354 387.4827 384.16153 380.84985 377.54736 374.2536 370.96823 367.69086 364.42108 361.15848 357.90262 354.6531 351.40955 348.17148 344.93848 341.71014 338.48608 335.2659 332.04922 328.83566 325.62488 322.41656 319.21036 316.00595 312.803 309.60126 306.40033 303.2 300
300 333.31232 363.64 391.03012 415.55984 437.33386 456.48105 473.15042 487.50665 499.72537 509.9887 518.48065 525.3832 530.8726 535.1167 538.27246 540.48444 541.88354 542.587 542.69806 542.3069 541.49097 540.31647 538.8392 537.1059 535.1552 533.0194 530.7246 528.29297 525.7422 523.0872 520.3404 517.5122 514.6115 511.646 508.6224 505.54666 502.42416 499.2598 496.05795 492.82275 489.55807 486.26743 482.95404 479.62106 476.27136 472.90768 469.53247 466.1481 462.75665 459.36026 455.96063 452.55948 449.15833 445.7586 442.36157 438.96832 435.58 432.1974 428.82135 425.45248 422.09143 418.73877 415.39474 412.05975 408.734 405.4177 402.1109 398.81366 395.52597 392.24774 388.97882 385.71912 382.46832 379.22626 375.99265 372.76715 369.5495 366.33923 363.1361 359.93973 356.7497 353.5657 350.38733 347.21414 344.04575 340.88184 337.72202 334.56592 331.4132 328.2635 325.1165 321.97186 318.82925 315.68842 312.549 309.41077 306.27338 303.13654 300
300 332.8283 362.67218 389.57986 413.631 434.93375 453.62088 469.84586 483.7779 495.59705 505.4894 513.64233 520.24036 525.46155 529.4746 532.4364 534.4907 535.767 536.3804 536.43164 536.00806 535.1843 534.0235 532.5787 530.89374 529.00494 526.9421 524.7295 522.3872 519.9318 517.3767 514.7333 512.011 509.21808 506.3616 503.44785 500.4823 497.47003 494.41568 491.3235 488.1973 485.04086 481.85754 478.65054 475.42285 472.17734 468.91663 465.64307 462.35904 459.06665 455.7679 452.4646 449.15836 445.8507 442.54303 439.2367 435.9328 432.6324 429.3364 426.0456 422.7607 419.48236 416.21112 412.94733 409.6914 406.44363 403.2042 399.9732 396.75085 393.53708 390.33185 387.135 383.94662 380.76642 377.59424 374.42984 371.27295 368.1233 364.9806 361.84448 358.7147 355.59088 352.47275 349.3599 346.25195 343.1486 340.04944 336.95422 333.86258 330.77417 327.68866 324.60574 321.5251 318.4464 315.36945 312.29388 309.21945 306.14584 303.0728 300
300 332.34573 361.70712 388.13406 411.70862 432.54233 450.77222 466.55618 480.06805 491.49234 501.019 508.8387 515.1384 520.09784 523.8863 526.6604 528.56305 529.722 530.24994 530.24524 529.7923 528.9628 527.8169 526.4048 524.76764 522.9392 520.94714 518.814 516.55817 514.1945 511.73547 509.19135 506.57092 503.88162 501.13007 498.32202 495.46265 492.5567 489.60864 486.62244 483.6018 480.55032 477.47125 474.36768 471.2425 468.09854 464.93832 461.7642 458.57846 455.38315 452.18027 448.97156 445.75864 442.54306 439.32623 436.10947 432.89386 429.68048 426.47025 423.26398 420.06244 416.86627 413.67603 410.49213 407.31497 404.1449 400.9822 397.82703 394.67947 391.5396 388.4074 385.2829 382.16602 379.05658 375.9545 372.85953 369.7715 366.69022 363.61533 360.54657 357.48373 354.4265 351.37454 348.32755 345.28522 342.2472 339.2132 336.18292 333.15607 330.13226 327.11127 324.0927 321.07635 318.06192 315.04913 312.03766 309.0273 306.01776 303.00876 300
300 331.865 360.74588 386.6941 409.79434 430.16174 447.9376 463.28436 476.3805 487.41483 496.5813 504.07373 510.08145 514.7855 518.3557 520.9484 522.7051 523.7518 524.1988 524.14166 523.66205 522.82855 521.6983 520.3188 518.72845 516.95874 515.0353 512.97876 510.8059 508.53046 506.1636 503.7148 501.19208 498.6023 495.9515 493.24515 490.48804 487.6847 484.8392 481.95544 479.03702 476.08725 473.1094 470.10635 467.081 464.03604 460.97397 457.897 454.80746 451.7073 448.59848 445.4827 442.36166 439.23676 436.10944 432.98105 429.85266 426.7254 423.6001 420.47766 417.35883 414.24426 411.13455 408.03015 404.9315 401.83893 398.75278 395.67322 392.6004 389.5345 386.4754 383.42322 380.37793 377.33948 374.30765 371.28235 368.26346 365.25073 362.24393 359.2428 356.24722 353.25684 350.27136 347.29056 344.31415 341.34183 338.3733 335.40826 332.44647 329.4876 326.53137 323.5775 320.62573 317.6758 314.72748 311.78043 308.8344 305.88916 302.94446 300
300 331.3864 359.7891 385.261 407.88962 427.79385 445.11923 460.0328 472.71783 483.36746 492.17944 499.3507 505.07275 509.52792 512.8862 515.30347 516.91974 517.859 518.2291 518.123 517.61896 516.7828 515.66864 514.3212 512.77655 511.06372 509.20633 507.22342 505.13022 502.93927 500.6607 498.30325 495.8742 493.37988 490.82584 488.2172 485.55853 482.85403 480.10757 477.32288 474.50333 471.65222 468.77258 465.86734 462.9392 459.99075 457.02444 454.04248 451.0471 448.04016 445.02362 441.99918 438.96844 435.93286 432.89386 429.8527 426.81052 423.76837 420.72717 417.6878 414.651 411.61746 408.5878 405.56247 402.54196 399.5266 396.5168 393.51273 390.5146 387.52246 384.5365 381.55673 378.58313 375.6157 372.6543 369.69885 366.74924 363.8053 360.86682 357.93362 355.00552 352.08228 349.1636 346.24927 343.33905 340.43268 337.52988 334.63043 331.734 328.84033 325.94916 323.06024 320.17334 317.28818 314.40454 311.52216 308.64075 305.76007 302.8799 300
300 330.91037 358.8374 383.8358 405.99588 425.44028 442.31897 456.80374 469.08246 479.35278 487.8161 494.6724 500.11514 504.3278 507.48047 509.7281 511.20926 512.0457 512.34283 512.1904 511.66397 510.8261 509.72827 508.4123 506.91174 505.2537 503.45978 501.54736 499.53043 497.42023 495.22617 492.95612 490.61676 488.2139 485.75275 483.23804 480.67404 478.06473 475.41385 472.7249 470.00116 467.24564 464.4614 461.65125 458.81775 455.9634 453.09058 450.20148 447.29822 444.3827 441.45673 438.522 435.58008 432.63248 429.68048 426.7254 423.76837 420.81042 417.85248 414.8954 411.93997 408.98688 406.0367 403.09003 400.14734 397.2089 394.27518 391.34634 388.42273 385.50436 382.59146 379.68408 376.7822 373.88586 370.995 368.10953 365.2294 362.35443 359.4845 356.61942 353.75903 350.90314 348.0515 345.20392 342.36017 339.52002 336.6832 333.84955 331.01874 328.19055 325.36472 322.54102 319.7192 316.89908 314.08038 311.26288 308.44632 305.6305 302.81512 300
300 330.43716 357.89145 382.41934 404.11414 423.10233 439.53836 453.59885 465.47635 475.37283 483.49344 490.0409 495.21072 499.18716 502.1403 504.22394 505.57507 506.3131 506.54065 506.3446 505.79736 504.95865 503.87692 502.59143 501.13345 499.5279 497.79468 495.94965 494.00546 491.9724 489.85904 487.6725 485.4189 483.1037 480.73163 478.30716 475.8343 473.3167 470.75806 468.16165 465.5306 462.8678 460.17624 457.4585 454.71716 451.9546 449.17307 446.37476 443.56168 440.7357 437.89862 435.052 432.19748 429.33646 426.4702 423.6001 420.72717 417.85248 414.97693 412.10138 409.22662 406.3534 403.4822 400.6137 397.74838 394.88654 392.02863 389.17484 386.32556 383.4809 380.64096 377.8059 374.97577 372.15057 369.33032 366.51492 363.70438 360.89856 358.09732 355.30054 352.50806 349.71973 346.93536 344.15472 341.3777 338.604 335.83344 333.0658 330.30087 327.5384 324.77814 322.0199 319.26346 316.5086 313.75507 311.0027 308.2512 305.5004 302.75006 300
300 329.96695 356.9516 381.0122 402.2452 420.781 436.77863 450.41953 461.90094 471.4292 479.21307 485.45798 490.36118 494.10764 496.86707 498.79227 500.0182 500.66183 500.82303 500.58563 500.01895 499.17978 498.1138 496.85767 495.44043 493.88504 492.20972 490.4289 488.55402 486.59448 484.55807 482.45126 480.27975 478.04843 475.76184 473.42398 471.03873 468.60962 466.13995 463.63297 461.09164 458.51883 455.91724 453.28943 450.63782 447.96475 445.2724 442.56287 439.83807 437.09988 434.35004 431.59003 428.82144 426.04565 423.26398 420.4777 417.6878 414.8954 412.10138 409.30658 406.51184 403.7178 400.92508 398.13428 395.34592 392.5603 389.7779 386.99896 384.22385 381.4527 378.68567 375.92288 373.16443 370.4104 367.6608 364.91556 362.17468 359.4381 356.7057 353.97736 351.253 348.5324 345.8155 343.10205 340.3919 337.68488 334.98077 332.27942 329.58057 326.88403 324.18958 321.497 318.80615 316.11676 313.42865 310.74164 308.05545 305.3699 302.6848 300
300 329.5 356.01825 379.615 400.38983 418.47717 434.04068 447.26675 458.35736 467.5231 474.9762 480.9248 485.5676 489.09012 491.66162 493.4336 494.53888 495.09192 495.18964 494.91287 494.3279 493.48846 492.43765 491.20963 489.8312 488.32352 486.70322 484.98337 483.1744 481.28488 479.32178 477.29105 475.19794 473.04694 470.84222 468.58762 466.2867 463.9428 461.5591 459.1386 456.68427 454.19867 451.68448 449.14413 446.57996 443.9942 441.38898 438.76627 436.12793 433.47583 430.81152 428.13666 425.4526 422.76077 420.06244 417.35886 414.651 411.93997 409.22662 406.51184 403.79636 401.08087 398.3661 395.65253 392.94067 390.23096 387.52374 384.8194 382.11823 379.4204 376.7261 374.03552 371.3488 368.6659 365.98694 363.3119 360.64078 357.9735 355.31003 352.65027 349.99414 347.3415 344.6922 342.04608 339.40305 336.76288 334.12543 331.49054 328.85797 326.22754 323.5991 320.9724 318.34735 315.7237 313.1012 310.47974 307.85907 305.239 302.6194 300
300 329.03635 355.09158 378.22797 398.5483 416.19125 431.32513 444.14127 454.84644 463.6553 470.78363 476.44202 480.83057 484.13507 486.52423 488.14795 489.13687 489.60284 489.6398 489.32535 488.7229 487.88327 486.84683 485.6454 484.30377 482.84134 481.2732 479.6112 477.86484 476.0418 474.1485 472.19034 470.17212 468.098 465.97183 463.7972 461.57745 459.3157 457.015 454.67822 452.3081 449.90717 447.4779 445.02267 442.54373 440.04315 437.52307 434.9853 432.4317 429.86395 427.2837 424.69244 422.09158 419.48242 416.86627 414.2443 411.61752 408.98688 406.35333 403.71777 401.0809 398.44342 395.80594 393.16907 390.53333 387.89908 385.26678 382.63672 380.00922 377.38455 374.76288 372.1444 369.52927 366.9175 364.30917 361.70435 359.103 356.50516 353.9107 351.3196 348.7318 346.14722 343.56567 340.98712 338.41132 335.8382 333.26758 330.69928 328.13318 325.5691 323.00687 320.4463 317.8872 315.32944 312.77277 310.21707 307.6621 305.10773 302.55377 300
300 328.5761 354.17175 376.85135 396.72104 413.9237 428.63245 441.04358 451.36856 459.82626 466.63577 472.00995 476.15024 479.24252 481.45465 482.93488 483.81152 484.1936 484.1721 483.82156 483.20224 482.3622 481.33923 480.16287 478.856 477.43625 475.91742 474.3102 472.6232 470.86334 469.03644 467.14746 465.20074 463.20023 461.14932 459.05154 456.90994 454.72745 452.507 450.25122 447.9627 445.64398 443.29733 440.925 438.5291 436.11176 433.67484 431.2202 428.74957 426.26465 423.7669 421.25787 418.73883 416.21118 413.67603 411.13455 408.58783 406.03674 403.48218 400.92508 398.3661 395.80597 393.24524 390.6846 388.12448 385.5653 383.00757 380.45148 377.89746 375.34573 372.79657 370.25003 367.70636 365.16565 362.628 360.09335 357.56183 355.03342 352.50806 349.98572 347.4664 344.94995 342.43628 339.92535 337.41696 334.911 332.40738 329.9059 327.40646 324.90887 322.41302 319.9187 317.42578 314.93408 312.44342 309.95364 307.4646 304.97607 302.48795 300
300 328.11926 353.2588 375.48523 394.90814 411.67462 425.96277 437.97382 447.9239 456.03604 462.5325 467.62845 471.52634 474.41196 476.4522 477.79343 478.5616 478.86282 478.78494 478.39954 477.7638 476.923 475.91248 474.75955 473.4853 472.10577 470.63345 469.078 467.4472 465.74734 463.98355 462.16052 460.28214 458.352 456.3734 454.34946 452.28314 450.17715 448.03424 445.85693 443.64764 441.4088 439.1425 436.8509 434.53607 432.19995 429.8444 427.47113 425.08185 422.67816 420.26147 417.83325 415.39484 412.9474 410.49213 408.03018 405.5625 403.09006 400.6137 398.13428 395.6525 393.16907 390.68457 388.19962 385.7147 383.23022 380.74664 378.26428 375.78345 373.30444 370.82758 368.35284 365.88055 363.41083 360.94373 358.4793 356.01758 353.55865 351.10242 348.6489 346.1981 343.7499 341.30423 338.86102 336.42017 333.98154 331.54504 329.11053 326.6779 324.24695 321.81763 319.38974 316.96313 314.53766 312.1132 309.68954 307.26654 304.84406 302.42194 300
300 327.66574 352.35266 374.12958 393.10947 409.44394 423.31592 434.93173 444.5121 452.28424 458.47354 463.29703 466.95813 469.6425 471.51575 472.72232 473.38553 473.60855 473.47623 473.05698 472.40506 471.56302 470.5638 469.43268 468.18887 466.84708 465.41858 463.91202 462.3344 460.6914 458.98773 457.22754 455.41446 453.5518 451.64258 449.6897 447.69595 445.66382 443.59595 441.4947 439.3623 437.20102 435.01294 432.80005 430.56433 428.30762 426.03165 423.7381 421.42865 419.10468 416.76764 414.4189 412.0598 409.69147 407.31506 404.93155 402.542 400.14734 397.74835 395.3459 392.94064 390.5333 388.12442 385.71463 383.30447 380.8943 378.4845 376.07553 373.66766 371.26117 368.85632 366.4533 364.0523 361.65344 359.25684 356.86255 354.47064 352.08112 349.69406 347.30945 344.92722 342.54733 340.16974 337.79437 335.42114 333.04996 330.68073 328.3133 325.9476 323.5835 321.22083 318.85953 316.4994 314.14032 311.78217 309.4248 307.06805 304.71173 302.35577 300
300 327.2156 351.45328 372.78418 391.32486 407.23135 420.69156 431.91687 441.13275 448.57028 454.45795 459.01465 462.4445 464.93277 466.64374 467.71964 468.2812 468.4286 468.24344 467.79117 467.12317 466.27933 465.29022 464.17917 462.96378 461.6573 460.2699 458.80945 457.2822 455.69315 454.04663 452.34637 450.59573 448.79773 446.95517 445.07074 443.14694 441.18628 439.19107 437.16357 435.1059 433.0201 430.90823 428.77216 426.6137 424.4346 422.23654 420.02118 417.78992 415.54425 413.28552 411.01505 408.73407 406.44366 404.145 401.839 399.52667 397.20892 394.88654 392.5603 390.2309 387.89902 385.56525 383.23016 380.89423 378.55792 376.22165 373.88577 371.55054 369.2163 366.88333 364.55182 362.22192 359.89383 357.56763 355.24344 352.92133 350.60126 348.28336 345.96762 343.654 341.3425 339.03308 336.72565 334.4201 332.11646 329.81458 327.5144 325.21576 322.91858 320.62274 318.32813 316.0346 313.74207 311.4504 309.15945 306.86908 304.57913 302.2895 300
300 326.76874 350.56046 371.44876 389.55383 405.03625 418.08905 428.92853 437.7849 444.89322 450.48468 454.78003 457.9839 460.28104 461.8341 462.7832 463.24622 463.32022 463.08377 462.59915 461.915 461.06863 460.08844 458.99582 457.80673 456.5332 455.1844 453.76736 452.28772 450.74988 449.15778 447.51477 445.8239 444.08798 442.30957 440.49106 438.6349 436.74335 434.81857 432.86267 430.87762 428.86533 426.82776 424.76666 422.68372 420.58057 418.4589 416.32013 414.16565 411.9969 409.81522 407.62173 405.41772 403.20422 400.98227 398.75284 396.51685 394.27515 392.02856 389.7779 387.52368 385.2667 383.0075 380.74658 378.4845 376.22162 373.95844 371.69528 369.43243 367.17023 364.9089 362.64868 360.3898 358.13232 355.87646 353.62228 351.36987 349.11926 346.8705 344.62366 342.37872 340.13562 337.8944 335.65497 333.41724 331.1812 328.9468 326.71396 324.48248 322.25235 320.02344 317.7957 315.5689 313.34305 311.11798 308.89355 306.66968 304.44623 302.22302 300
300 326.32495 349.6739 370.12286 387.79587 402.85803 415.50754 425.96573 434.4675 441.2516 446.5522 450.5915 453.5745 455.68518 457.0846 457.91046 458.27774 458.28043 457.99396 457.47757 456.77713 455.92752 454.955 453.87906 452.71426 451.47147 450.15884 448.78275 447.3481 445.85892 444.31866 442.73038 441.09686 439.42056 437.7039 435.94904 434.15826 432.33368 430.47723 428.5909 426.6765 424.73593 422.77087 420.78302 418.77393 416.7452 414.69833 412.6347 410.5557 408.4626 406.3567 404.2391 402.11093 399.97327 397.82706 395.67325 393.51276 391.34637 389.17487 386.99896 384.81937 382.6367 380.45148 378.26422 376.0755 373.88574 371.6953 369.50452 367.31372 365.1233 362.9334 360.74432 358.55624 356.3693 354.18365 351.9994 349.81662 347.6354 345.45578 343.27786 341.1016 338.92697 336.75397 334.58258 332.41272 330.2444 328.07755 325.91208 323.74786 321.5849 319.42307 317.26224 315.10236 312.94327 310.7849 308.62717 306.4699 304.31305 302.15646 300
300 325.8841 348.79318 368.80594 386.05014 400.69568 412.94583 423.0271 431.17892 437.64383 442.6586 446.44693 449.21393 451.1427 452.39246 453.0984 453.37256 453.30582 452.97046 452.42276 451.7058 450.85217 449.886 448.8251 447.68274 446.4686 445.18994 443.85245 442.46042 441.0175 439.52673 437.99084 436.4123 434.7934 433.13626 431.44293 429.7155 427.95587 426.16583 424.3472 422.50168 420.631 418.7368 416.82056 414.8838 412.928 410.95456 408.96478 406.9599 404.94122 402.9099 400.8671 398.81372 396.7509 394.67947 392.60043 390.5146 388.42273 386.32556 384.22382 382.11816 380.00922 377.89746 375.78345 373.66766 371.55054 369.43243 367.31375 365.19476 363.07584 360.95715 358.839 356.7216 354.605 352.48944 350.37503 348.26187 346.15 344.0395 341.93042 339.82285 337.71667 335.61194 333.50867 331.40674 329.30618 327.20694 325.10895 323.01212 320.91638 318.8217 316.7279 314.635 312.54282 310.4513 308.36032 306.26978 304.17963 302.08975 300
300 325.44586 347.91788 367.49722 384.31567 398.54797 410.40256 420.11105 427.91742 434.06787 438.80173 442.3439 444.89954 446.65063 447.75455 448.3437 448.5272 448.39273 448.0095 447.43076 446.69705 445.83856 444.87753 443.83023 442.70847 441.521 440.27423 438.97318 437.62158 436.2227 434.77924 433.2936 431.76797 430.20438 428.60474 426.971 425.30505 423.60846 421.88306 420.13037 418.35208 416.54968 414.72473 412.87863 411.01276 409.12848 407.2271 405.30988 403.378 401.43256 399.47473 397.50558 395.52603 393.53708 391.5396 389.5345 387.52246 385.50436 383.48087 381.4527 379.42035 377.38452 375.34573 373.30444 371.26117 369.2163 367.17023 365.1233 363.0758 361.0281 358.98044 356.933 354.88605 352.83972 350.79413 348.74945 346.70578 344.6632 342.62177 340.5816 338.54266 336.50494 334.4685 332.43335 330.3994 328.36667 326.3351 324.30466 322.27527 320.24686 318.21936 316.19275 314.1669 312.14172 310.11713 308.09305 306.06937 304.04602 302.02295 300
300 325.00995 347.0472 366.19577 382.59134 396.41357 407.8761 417.21564 424.68085 430.52136 434.97894 438.27954 440.6282 442.20572 443.16724 443.64258 443.7377 443.5371 443.10684 442.49738 441.74658 440.8825 439.9255 438.8903 437.78754 436.62494 435.4081 434.14148 432.82837 431.47156 430.0735 428.63608 427.1614 425.65128 424.1074 422.53143 420.92514 419.28998 417.62753 415.93924 414.2266 412.49103 410.7339 408.9565 407.16016 405.34613 403.51556 401.66968 399.80957 397.93634 396.051 394.15448 392.2478 390.33185 388.40747 386.4754 384.5365 382.59146 380.64096 378.6856 376.72607 374.76288 372.7965 370.8275 368.85632 366.8833 364.90887 362.9334 360.95715 358.9804 357.0035 355.02664 353.05 351.0737 349.09796 347.12292 345.14868 343.17532 341.2029 339.23154 337.26123 335.292 333.32385 331.3568 329.3909 327.42603 325.4622 323.49933 321.5374 319.57642 317.61624 315.65683 313.69812 311.74005 309.78247 307.82538 305.86868 303.91226 301.95605 300
300 324.57608 346.1807 364.90067 380.8758 394.29074 405.3644 414.33875 421.4667 427.00153 431.18716 434.25058 436.39645 437.8042 438.62674 438.99097 438.99976 438.7345 438.258 437.618 436.84995 435.97955 435.02554 434.00113 432.91583 431.77646 430.58792 429.354 428.07758 426.76105 425.4065 424.01566 422.59024 421.13187 419.6421 418.12238 416.57416 414.99884 413.3979 411.77252 410.12408 408.45398 406.76334 405.0534 403.32535 401.58032 399.81946 398.04376 396.25436 394.4522 392.63837 390.81366 388.97894 387.13507 385.28296 383.42322 381.5567 379.68405 377.80588 375.9228 374.0355 372.1444 370.25 368.3528 366.45328 364.55176 362.64868 360.74432 358.839 356.93298 355.02664 353.12006 351.21356 349.3072 347.40118 345.49564 343.5907 341.6865 339.78302 337.88046 335.97876 334.07797 332.17813 330.27924 328.38132 326.48434 324.58826 322.69305 320.7987 318.90515 317.01236 315.12027 313.2288 311.3379 309.44742 307.55737 305.66772 303.77832 301.8891 300
300 324.14377 345.31738 363.6106 379.16745 392.17758 402.86526 411.47763 418.27203 423.5052 427.42307 430.25342 432.20047 433.44205 434.1287 434.3844 434.30887 433.98026 433.45837 432.78812 432.00244 431.12512 430.1731 429.15836 428.0892 426.97165 425.80984 424.60712 423.3658 422.088 420.77542 419.4296 418.05194 416.64386 415.20673 413.74176 412.25024 410.73346 409.19263 407.6289 406.04346 404.4375 402.8121 401.1684 399.50748 397.83038 396.1381 394.43158 392.7119 390.97998 389.23663 387.4828 385.71918 383.94666 382.16602 380.37793 378.58307 376.78217 374.97574 373.16443 371.34872 369.52924 367.70636 365.88055 364.05228 362.22186 360.38977 358.5562 356.72156 354.88602 353.04993 351.2135 349.3769 347.54028 345.70386 343.86774 342.03207 340.1969 338.36237 336.5285 334.69537 332.86304 331.0315 329.20074 327.37088 325.5418 323.7135 321.886 320.05927 318.23322 316.40784 314.5831 312.7589 310.93524 309.11197 307.2891 305.46655 303.64423 301.82208 300
300 323.71255 344.45636 362.32422 377.46448 390.07187 400.37613 408.62946 415.0937 420.02884 423.68283 426.284 428.03592 429.11475 429.66846 429.81808 429.66006 429.26938 428.70282 428.0025 427.1991 426.31433 425.36362 424.3575 423.30344 422.20642 421.07013 419.89722 418.68973 417.44928 416.17737 414.8752 413.544 412.185 410.7992 409.3877 407.95172 406.49225 405.0103 403.50702 401.9834 400.44046 398.8792 397.30066 395.70584 394.09564 392.47095 390.8327 389.18182 387.51913 385.84546 384.16165 382.46838 380.76648 379.05658 377.33942 375.6156 373.8858 372.15054 370.4104 368.66586 366.91748 365.16565 363.41083 361.65338 359.89374 358.13226 356.3692 354.60495 352.83966 351.07367 349.30716 347.54028 345.7733 344.0063 342.23944 340.4729 338.70673 336.941 335.17584 333.41125 331.6473 329.88406 328.12146 326.35962 324.59848 322.838 321.07822 319.3191 317.5606 315.80273 314.0454 312.28857 310.53217 308.77615 307.0205 305.26514 303.50995 301.75494 300
300 323.2819 343.5966 361.03995 375.76474 387.97098 397.89386 405.79077 411.92795 416.56842 419.9621 422.33768 423.898 424.8173 425.24088 425.28677 425.0481 424.59662 423.9861 423.25607 422.43488 421.54236 420.59232 419.59412 418.55414 417.47668 416.36484 415.2207 414.04593 412.84174 411.60938 410.34982 409.06396 407.75287 406.41736 405.05832 403.6767 402.27344 400.84943 399.40552 397.94266 396.46173 394.96368 393.44934 391.91962 390.37537 388.81738 387.24652 385.66357 384.0693 382.46454 380.84998 379.22632 377.59427 375.95447 374.30756 372.6542 370.99493 369.3303 367.66077 365.9869 364.30914 362.62793 360.94366 359.2567 357.5675 355.87634 354.18353 352.48938 350.79407 349.09796 347.40112 345.70386 344.00632 342.3086 340.6109 338.9134 337.2161 335.51913 333.82257 332.12653 330.43094 328.73593 327.0415 325.3477 323.65448 321.96185 320.26984 318.57837 316.88745 315.19708 313.5072 311.81778 310.12872 308.44003 306.75165 305.0635 303.37555 301.68774 300
300 322.85117 342.73676 359.7559 374.0659 385.87204 395.41516 402.95776 408.77045 413.1194 416.256 418.40942 419.78143 420.54422 420.84042 420.78482 420.4673 419.9563 419.30267 418.54337 417.70444 416.80396 415.85416 414.8633 413.83685 412.77823 411.69003 410.57385 409.43094 408.2622 407.0685 405.85065 404.6093 403.3452 402.05905 400.75153 399.4234 398.07544 396.70837 395.32297 393.91998 392.50024 391.06445 389.61343 388.148 386.66885 385.1767 383.67236 382.1566 380.63007 379.09344 377.54745 375.9927 374.42987 372.85953 371.2823 369.69876 368.10944 366.5149 364.91553 363.31186 361.70428 360.0933 358.4792 356.86243 355.24332 353.62216 351.99933 350.37497 348.7494 347.12286 345.4956 343.86774 342.23944 340.6109 338.98227 337.35364 335.72516 334.0969 332.46887 330.84128 329.21408 327.58728 325.961 324.3352 322.7099 321.08514 319.46088 317.8371 316.2138 314.591 312.96863 311.34662 309.72498 308.10364 306.48254 304.8617 303.24103 301.62048 300
300 322.41962 341.87537 358.46985 372.36502 383.7716 392.93607 400.1261 405.61655 409.67657 412.55917 414.4936 415.6804 416.28964 416.46106 416.30615 415.91153 415.3424 414.64667 413.85864 413.0023 412.09387 411.1442 410.1604 409.14697 408.10678 407.04172 405.95294 404.84128 403.70737 402.5518 401.375 400.17743 398.95966 397.72214 396.4654 395.19 393.89658 392.5857 391.25803 389.91412 388.55475 387.18048 385.79202 384.39008 382.97528 381.54834 380.1098 378.66043 377.20087 375.73175 374.2537 372.7672 371.27295 369.77148 368.26337 366.74915 365.2293 363.7043 362.17462 360.64072 359.10297 357.56177 356.01746 354.47052 352.92117 351.36975 349.81653 348.26178 346.70572 345.14862 343.59064 342.03198 340.47284 338.91336 337.35364 335.79385 334.23407 332.6744 331.11493 329.5557 327.99677 326.43817 324.88 323.3222 321.76486 320.20795 318.65146 317.0954 315.53973 313.9845 312.42963 310.87512 309.32092 307.76697 306.21326 304.65976 303.10638 301.55316 300
300 321.9864 341.01083 357.1794 370.65897 381.66583 390.45218 397.2908 402.46085 406.23428 408.86563 410.58395 411.58853 412.04703 412.0962 411.84427 411.37445 410.74863 410.01187 409.19595 408.3227 407.40665 406.4572 405.48047 404.48004 403.4581 402.41595 401.35425 400.27356 399.17416 398.05624 396.92004 395.7658 394.59387 393.40448 392.19794 390.97467 389.73523 388.47992 387.2093 385.92383 384.62415 383.31073 381.9842 380.64508 379.29395 377.93146 376.5581 375.17453 373.78137 372.3791 370.96826 369.5495 368.1233 366.69016 365.2506 363.8052 362.3543 360.89847 359.438 357.97342 356.50507 355.03333 353.55853 352.08105 350.60114 349.11914 347.6353 346.1499 344.66312 343.17523 341.6864 340.19684 338.70667 337.21606 335.72516 334.23407 332.74292 331.25177 329.76074 328.2698 326.7791 325.2887 323.7986 322.30884 320.8194 319.33032 317.8416 316.35327 314.86523 313.37762 311.89032 310.40332 308.91656 307.43008 305.9438 304.45767 302.97168 301.48584 300
300 321.5505 340.14114 355.88174 368.9441 379.5503 387.9583 394.4462 399.2972 402.78613 405.16864 406.67365 407.49878 407.80936 407.73892 407.3923 406.8492 406.16837 405.3919 404.5491 403.65976 402.7367 401.78802 400.81866 399.83142 398.82785 397.8087 396.77414 395.7244 394.65936 393.57892 392.48312 391.37195 390.2455 389.10388 387.9472 386.7757 385.5897 384.38947 383.1754 381.94788 380.7073 379.45416 378.1889 376.91205 375.62402 374.32538 373.01666 371.69833 370.37094 369.0349 367.69086 366.33923 364.98053 363.61526 362.2438 360.8667 359.48438 358.0972 356.70557 355.30994 353.91064 352.50797 351.1023 349.69397 348.2832 346.8704 345.4557 344.03943 342.6217 341.20282 339.78296 338.3623 336.94098 335.5191 334.0969 332.6744 331.25177 329.82904 328.40637 326.98373 325.56128 324.13898 322.71692 321.2951 319.8736 318.45236 317.03143 315.6108 314.1905 312.7705 311.35077 309.93127 308.51202 307.09302 305.6742 304.2555 302.8369 301.41846 300
300 321.11084 339.26407 354.57352 367.21613 377.41992 385.4487 391.58588 396.11874 399.3248 401.4607 402.7549 403.4035 403.5689 403.3816 402.94275 402.32858 401.5946 400.78006 399.91177 399.0075 398.0784 397.13123 396.16995 395.19653 394.21182 393.216 392.20895 391.1903 390.15982 389.11694 388.06158 386.99344 385.91238 384.81833 383.7113 382.59125 381.4584 380.31293 379.155 377.985 376.8031 375.60974 374.40533 373.1902 371.96478 370.7295 369.4848 368.2312 366.9691 365.69888 364.42108 363.1361 361.84442 360.5465 359.24274 357.93353 356.61932 355.3004 353.97723 352.65018 351.31958 349.98566 348.6488 347.30933 345.96747 344.62354 343.27777 341.93036 340.5815 339.23145 337.88037 336.52844 335.1758 333.8226 332.46893 331.11496 329.76074 328.40637 327.05194 325.69754 324.34323 322.989 321.63498 320.28113 318.9275 317.57413 316.22098 314.8681 313.51544 312.1631 310.8109 309.459 308.1073 306.7558 305.40442 304.05316 302.70206 301.351 300
300 320.66605 338.37698 353.25085 365.47006 375.26874 382.91663 388.70245 392.91763 395.84207 397.7334 398.81937 399.29422 399.3174 399.01602 398.48764 397.80487 397.02 396.1694 395.27737 394.3597 393.42593 392.48157 391.52945 390.57074 389.60568 388.63397 387.655 386.66803 385.67242 384.66754 383.65283 382.62787 381.59232 380.5459 379.48837 378.41968 377.3398 376.24884 375.14682 374.03397 372.91043 371.7765 370.63245 369.47867 368.31543 367.14307 365.96198 364.7726 363.57532 362.37045 361.15845 359.93973 358.71466 357.48367 356.24713 355.00543 353.75897 352.50797 351.25293 349.99405 348.73175 347.4663 346.198 344.9271 343.65387 342.3786 341.1015 339.82275 338.54254 337.26114 335.9787 334.69534 333.41125 332.12653 330.8413 329.55573 328.26984 326.98376 325.69757 324.41132 323.1251 321.83893 320.5529 319.26697 317.98123 316.69565 315.4103 314.12512 312.84018 311.55545 310.2709 308.98657 307.7024 306.4184 305.13452 303.85077 302.56714 301.28357 300
300 320.21457 337.47678 351.90927 363.7002 373.08987 380.35428 385.78748 389.68484 392.32867 393.97733 394.85757 395.1615 395.04565 394.6333 394.01843 393.26996 392.43692 391.55267 390.63916 389.71014 388.7735 387.8336 386.89212 385.9495 385.0053 384.05875 383.1088 382.15433 381.19434 380.22797 379.2544 378.273 377.28317 376.28452 375.27664 374.2593 373.23236 372.19574 371.14948 370.09357 369.02814 367.95337 366.86945 365.77664 364.6752 363.56537 362.4475 361.322 360.18915 359.04922 357.90265 356.7497 355.59082 354.4264 353.2567 352.08215 350.903 349.71964 348.53235 347.3414 346.14716 344.94986 343.74982 342.5472 341.3424 340.13556 338.92688 337.71655 336.50482 335.2919 334.07794 332.863 331.6473 330.43097 329.21408 327.99677 326.7791 325.56125 324.3432 323.12506 321.90692 320.68878 319.47067 318.2527 317.0348 315.81702 314.59943 313.382 312.16473 310.94766 309.73074 308.51398 307.29736 306.08093 304.86456 303.64832 302.43216 301.21606 300
300 319.75446 336.55978 350.54343 361.89963 370.8753 377.75272 382.83124 386.4102 388.77414 390.18182 390.85907 390.99527 390.74374 390.22403 389.52618 388.71545 387.83737 386.92252 385.99026 385.0524 384.11526 383.18192 382.253 381.32825 380.40652 379.48657 378.56686 377.646 376.7226 375.7956 374.86383 373.9265 372.9829 372.03238 371.07434 370.10852 369.13464 368.1524 367.1618 366.16272 365.1552 364.1394 363.11536 362.08328 361.04337 359.9958 358.94086 357.87885 356.81006 355.7347 354.65314 353.56567 352.47266 351.37442 350.27127 349.16348 348.0514 346.93527 345.81543 344.6921 343.5656 342.4362 341.30414 340.16965 339.03296 337.8943 336.75385 335.61182 334.46838 333.32376 332.1781 331.03146 329.88406 328.73596 327.5873 326.43817 325.2887 324.13895 322.98895 321.83887 320.68872 319.53857 318.3884 317.23825 316.08823 314.93823 313.7884 312.6387 311.48914 310.33972 309.19043 308.04126 306.8922 305.74332 304.59448 303.44577 302.29715 301.14856 300
300 319.2835 335.6216 349.147 360.06042 368.61563 375.10135 379.8224 383.08188 385.16653 386.33514 386.81213 386.78415 386.40094 385.778 385.00137 384.1324 383.21317 382.27127 381.3237 380.38013 379.4454 378.5212 377.60733 376.70264 375.80542 374.91385 374.026 373.1401 372.25458 371.36792 370.47888 369.58643 368.68964 367.7877 366.8799 365.9659 365.0452 364.1175 363.18262 362.24036 361.2907 360.3337 359.3694 358.39783 357.41916 356.4336 355.44128 354.4425 353.43747 352.42642 351.4096 350.38727 349.3598 348.32745 347.2905 346.24918 345.20383 344.15466 343.102 342.04602 340.987 339.92523 338.8609 337.79428 336.72552 335.65485 334.58246 333.50854 332.43323 331.35672 330.2792 329.20074 328.1215 327.04153 325.961 324.88 323.79858 322.71686 321.63492 320.55283 319.4706 318.38834 317.30606 316.22382 315.14157 314.0594 312.9773 311.8953 310.81342 309.73163 308.64996 307.56842 306.487 305.40564 304.32437 303.2432 302.16208 301.08105 300
300 318.79907 334.657 347.7124 358.17294 366.2996 372.3878 376.74777 379.68646 381.49225 382.42386 382.7038 382.51575 382.00546 381.28424 380.43378 379.51138 378.5557 377.59122 376.63245 375.687 374.7582 373.8464 372.95047 372.0685 371.19818 370.33713 369.48303 368.6338 367.78754 366.94257 366.09738 365.25073 364.40155 363.54883 362.69183 361.83005 360.96283 360.08984 359.2108 358.3254 357.43365 356.5354 355.63068 354.7195 353.80194 352.87817 351.94827 351.01248 350.07095 349.12387 348.1715 347.2141 346.2519 345.28516 344.31412 343.339 342.3601 341.37762 340.39185 339.40295 338.41122 337.41687 336.42004 335.42105 334.42004 333.41718 332.41266 331.40665 330.3993 329.39078 328.38126 327.37085 326.35962 325.3477 324.3352 323.3222 322.30878 321.29504 320.28107 319.2669 318.2526 317.2382 316.22375 315.20935 314.1949 313.18048 312.1661 311.15182 310.1376 309.12347 308.10944 307.09552 306.08167 305.0679 304.0542 303.04056 302.027 301.0135 300
300 318.29788 333.65964 346.2305 356.22574 363.91394 369.59744 373.59204 376.20816 377.7356 378.43268 378.51956 378.17642 377.5447 376.7311 375.81274 374.8428 373.85623 372.87448 371.90942 370.9667 370.04797 369.15244 368.27795 367.42184 366.5812 365.7532 364.93512 364.1245 363.31927 362.51746 361.7174 360.91766 360.11694 359.31424 358.50867 357.6996 356.88623 356.06827 355.24527 354.41693 353.58307 352.7436 351.89844 351.04755 350.19098 349.32886 348.46118 347.58817 346.70993 345.82666 344.9385 344.04575 343.14856 342.2472 341.3418 340.43265 339.51996 338.60394 337.6848 336.76282 335.8381 334.91095 333.98145 333.0499 332.11642 331.18115 330.24432 329.3061 328.36658 327.42593 326.48428 325.54178 324.59845 323.65445 322.7099 321.76483 320.81934 319.87354 318.92743 317.98114 317.0347 316.08813 315.1415 314.19485 313.24817 312.3015 311.35486 310.40826 309.46173 308.51526 307.56885 306.62256 305.6763 304.7301 303.78397 302.8379 301.89188 300.94592 300
300 317.77588 332.62164 344.6901 354.2048 361.44254 366.71283 370.33694 372.6286 373.87872 374.34445 374.24323 373.75113 373.00488 372.1061 371.1271 370.11673 369.10602 368.11328 367.14777 366.21317 365.30948 364.43463 363.58566 362.75906 361.95132 361.1592 360.37967 359.60992 358.84766 358.09067 357.33716 356.5855 355.83438 355.08255 354.32913 353.5733 352.81433 352.05173 351.28506 350.51398 349.73816 348.95752 348.17194 347.3813 346.58563 345.78503 344.9795 344.1691 343.354 342.5343 341.7102 340.88187 340.04947 339.2132 338.37326 337.52985 336.68317 335.83337 334.9807 334.12537 333.2675 332.4073 331.54498 330.68066 329.81454 328.94675 328.07745 327.20685 326.33502 325.4621 324.58823 323.7135 322.838 321.96182 321.08508 320.2079 319.33026 318.4523 317.57404 316.69556 315.81693 314.93817 314.0593 313.1804 312.30145 311.42252 310.54358 309.66467 308.78583 307.907 307.02823 306.14954 305.27087 304.39227 303.5137 302.6352 301.75674 300.87836 300
300 317.22806 331.53333 343.07736 352.09308 358.866 363.7131 366.96106 368.92654 369.90097 370.13977 369.85687 369.2236 368.37134 367.39624 366.36536 365.323 364.29617 363.29993 362.34088 361.42065 360.53766 359.68866 358.86975 358.07672 357.30557 356.55255 355.81433 355.08795 354.37076 353.66046 352.95508 352.25293 351.55246 350.8525 350.15207 349.4502 348.74612 348.03937 347.3293 346.61566 345.89813 345.17645 344.45044 343.7201 342.98535 342.24622 341.50266 340.7548 340.0027 339.2464 338.48615 337.72205 336.95425 336.18292 335.40823 334.63037 333.8495 333.06573 332.27933 331.49045 330.69922 329.90585 329.11047 328.31326 327.51437 326.7139 325.91202 325.1089 324.3046 323.49927 322.69305 321.886 321.07822 320.2698 319.46085 318.6514 317.84155 317.03137 316.2209 315.4102 314.59933 313.78833 312.9772 312.16605 311.3548 310.54355 309.7323 308.92108 308.10992 307.29874 306.48758 305.6765 304.86545 304.05444 303.24344 302.4325 301.6216 300.8108 300
300 316.648 330.38242 341.3751 349.8694 356.1605 360.57303 363.4388 365.077 365.7787 365.7967 365.3405 364.576 363.62833 362.58774 361.5157 360.45154 359.41815 358.42715 357.4826 356.58392 355.72812 354.91077 354.127 353.37204 352.64145 351.93106 351.2372 350.55676 349.88696 349.22534 348.56982 347.91858 347.27008 346.62308 345.97644 345.32922 344.6807 344.0302 343.37726 342.72137 342.06226 341.39966 340.7334 340.0634 339.38953 338.7118 338.03018 337.34473 336.6555 335.96252 335.266 334.56595 333.86258 333.156 332.4464 331.73392 331.01865 330.30078 329.58047 328.85788 328.13315 327.40643 326.67786 325.9476 325.21576 324.48245 323.74786 323.0121 322.2752 321.53738 320.7987 320.05927 319.3191 318.57834 317.83707 317.09534 316.3532 315.61075 314.868 314.12503 313.3819 312.6386 311.89517 311.1517 310.4082 309.6646 308.92105 308.1775 307.43396 306.69043 305.9469 305.20343 304.46 303.71655 302.97318 302.2298 301.48648 300.74323 300
300 316.0277 329.15344 339.56155 347.50745 353.29675 357.26193 359.73965 361.0506 361.48453 361.29037 360.67212 359.78897 358.75925 357.66653 356.56622 355.4924 354.46362 353.48807 352.56717 351.69827 350.87692 350.09756 349.35468 348.64273 347.9569 347.29285 346.64667 346.01505 345.39505 344.78418 344.1803 343.5815 342.98627 342.39328 341.8014 341.20966 340.61728 340.02362 339.4281 338.83032 338.22992 337.6266 337.02017 336.41058 335.79767 335.18134 334.56158 333.93848 333.312 332.68225 332.04932 331.41324 330.77417 330.13223 329.48755 328.84024 328.19046 327.53833 326.88394 326.22748 325.5691 324.90887 324.24698 323.5835 322.91858 322.25235 321.5849 320.91638 320.24683 319.5764 318.90515 318.23322 317.5606 316.88745 316.21378 315.5397 314.86523 314.19046 313.51538 312.8401 312.1646 311.489 310.81326 310.13748 309.46164 308.7857 308.1098 307.4339 306.758 306.0821 305.4062 304.73035 304.0545 303.37866 302.70288 302.0271 301.35135 300.67566 300
300 315.3566 327.8263 337.6089 344.97388 350.23822 353.74234 355.82684 356.8128 356.98703 356.59296 355.82745 354.84192 353.7469 352.61844 351.50537 350.43625 349.42514 348.4767 347.58978 346.75983 345.98093 345.2466 344.55057 343.8869 343.2505 342.63672 342.04163 341.4617 340.89404 340.3361 339.78568 339.24094 338.70032 338.16245 337.62625 337.09076 336.55518 336.01886 335.48123 334.9419 334.40045 333.85663 333.31024 332.7611 332.20917 331.65427 331.0964 330.53558 329.97186 329.4052 328.83575 328.26355 327.68866 327.11124 326.53137 325.94913 325.3647 324.7781 324.18954 323.59906 323.00687 322.41302 321.81766 321.22086 320.62274 320.02344 319.42303 318.82166 318.21936 317.61624 317.01236 316.40784 315.80273 315.19708 314.59097 313.98447 313.3776 312.77045 312.16302 311.55536 310.9475 310.33954 309.73148 309.12332 308.51514 307.90686 307.29858 306.6903 306.08203 305.47375 304.86548 304.25723 303.649 303.04077 302.43256 301.8244 301.21622 300.6081 300
300 314.62067 326.37454 335.48087 342.22586 346.93896 349.96805 351.6563 352.32315 352.25012 351.67325 350.7803 349.71338 348.57385 347.4296 346.32227 345.2746 344.29617 343.38812 342.54675 341.76578 341.03802 340.3562 339.71347 339.10364 338.52136 337.96194 337.4214 336.89615 336.38336 335.8805 335.3854 334.8963 334.4116 333.93 333.45044 332.972 332.49384 332.01538 331.5361 331.05557 330.57343 330.0893 329.6031 329.11453 328.6236 328.1302 327.63422 327.13568 326.63464 326.13104 325.625 325.11658 324.60577 324.09274 323.57755 323.06027 322.54102 322.0199 321.497 320.9724 320.4463 319.9187 319.38974 318.85953 318.32813 317.79565 317.2622 316.7279 316.19275 315.65683 315.12027 314.5831 314.0454 313.5072 312.96857 312.4296 311.8903 311.3507 310.81085 310.2708 309.7306 309.19025 308.6498 308.10928 307.56873 307.02808 306.48743 305.94678 305.40613 304.86545 304.32477 303.78412 303.24347 302.70285 302.16223 301.62164 301.0811 300.54053 300
300 313.80093 324.7626 333.12958 339.20813 343.34082 345.88187 347.17468 347.53387 347.23276 346.49692 345.5028 344.3812 343.223 342.08698 341.00723 340.0005 339.07175 338.21887 337.43576 336.71457 336.04718 335.42572 334.843 334.29263 333.76935 333.26837 332.78577 332.3182 331.8628 331.41714 330.9792 330.5472 330.11972 329.6955 329.2735 328.85284 328.43286 328.01282 327.59232 327.17093 326.7483 326.3241 325.8982 325.47037 325.04056 324.60864 324.1746 323.73834 323.29996 322.85938 322.4167 321.97192 321.52515 321.07642 320.62582 320.1734 319.71927 319.2635 318.80615 318.34735 317.8872 317.42578 316.96317 316.49942 316.03467 315.5689 315.10233 314.63495 314.16687 313.69812 313.2288 312.7589 312.28857 311.81775 311.34656 310.87506 310.40326 309.9312 309.45895 308.98648 308.51385 308.04114 307.56827 307.09537 306.6224 306.14935 305.67633 305.20328 304.73022 304.25714 303.7841 303.31104 302.83798 302.36493 301.8919 301.4189 300.94592 300.47296 300
300 312.871 322.94177 330.49075 335.84808 339.36957 341.413 342.31784 342.3895 341.88873 341.02686 339.96603 338.82355 337.6784 336.5794 335.55273 334.60907 333.74902 332.96738 332.25613 331.6062 331.0088 330.45572 329.93973 329.45453 328.99493 328.5564 328.13522 327.72818 327.33255 326.94614 326.56702 326.19366 325.82465 325.45883 325.09528 324.73315 324.37186 324.0108 323.64948 323.28754 322.92468 322.56064 322.19525 321.82828 321.45966 321.0893 320.71716 320.3432 319.96744 319.58984 319.21048 318.82935 318.4465 318.062 317.6759 317.28827 316.89914 316.50864 316.1168 315.7237 315.32944 314.93408 314.53772 314.14038 313.74216 313.34308 312.94327 312.5428 312.14172 311.74005 311.33786 310.9352 310.53217 310.12872 309.7249 309.32086 308.9165 308.51196 308.10724 307.70233 307.2973 306.89212 306.48685 306.0815 305.67615 305.2707 304.86526 304.4598 304.05435 303.64886 303.2434 302.83795 302.4325 302.02704 301.62158 301.2162 300.8108 300.4054 300
300 311.7927 320.8433 327.4761 332.04922 334.9296 336.47324 337.00894 336.82608 336.1669 335.22382 334.14108 333.02005 331.92645 330.89844 329.9541 329.0983 328.32767 327.63452 327.00934 326.4424 325.92465 325.44794 325.00528 324.5908 324.19943 323.82718 323.47058 323.12668 322.7931 322.46783 322.1492 321.8358 321.52637 321.2199 320.9156 320.6127 320.31067 320.00903 319.70728 319.40512 319.10233 318.7986 318.49384 318.18784 317.8805 317.57178 317.2616 316.94995 316.6368 316.32214 316.00604 315.6885 315.36954 315.0492 314.72754 314.4046 314.08044 313.75513 313.4287 313.10126 312.7728 312.44342 312.11322 311.78223 311.4505 311.11804 310.78494 310.4513 310.11713 309.7825 309.44742 309.11194 308.77612 308.44 308.10358 307.7669 307.43002 307.09296 306.75574 306.41833 306.0808 305.7432 305.4055 305.06775 304.72995 304.3921 304.05426 303.7164 303.37854 303.04065 302.70276 302.36487 302.027 301.68915 301.3513 301.01343 300.6756 300.3378 300
300 310.509 318.36734 323.9623 327.682 329.89783 330.95355 331.15662 330.77084 330.01212 329.04797 328.00082 326.95364 325.9576 325.03986 324.21072 323.46985 322.8107 322.2239 321.69922 321.22693 320.79825 320.40552 320.04248 319.70374 319.38486 319.08237 318.7932 318.5149 318.2454 317.98297 317.72623 317.47394 317.2251 316.97888 316.7345 316.49142 316.24915 316.0073 315.76544 315.52338 315.28085 315.03766 314.79364 314.5487 314.30273 314.0557 313.80753 313.5582 313.30768 313.05597 312.8031 312.5491 312.29395 312.03772 311.78046 311.5222 311.26294 311.00275 310.7417 310.4798 310.2171 309.95367 309.68958 309.42487 309.15955 308.89362 308.62723 308.36035 308.09308 307.8254 307.5574 307.28906 307.02045 306.75162 306.48254 306.21323 305.94376 305.67413 305.40436 305.1345 304.8645 304.5944 304.32425 304.05408 303.78384 303.51355 303.2433 302.97302 302.70276 302.43243 302.16214 301.89185 301.62155 301.35126 301.081 300.81073 300.54047 300.27023 300
300 308.92975 315.36374 319.77365 322.5713 324.11566 324.72012 324.65442 324.14362 323.36743 322.46182 321.5229 320.61313 319.7685 319.0054 318.32745 317.73016 317.20517 316.74255 316.3324 315.96573 315.6348 315.33307 315.05515 314.79666 314.55396 314.32422 314.105 313.89435 313.69064 313.4925 313.29883 313.1087 312.92126 312.73593 312.5521 312.36935 312.18726 312.00555 311.8239 311.64215 311.46008 311.27753 311.09442 310.91064 310.7261 310.54077 310.3546 310.1676 309.97974 309.79095 309.60132 309.41083 309.21948 309.02734 308.8344 308.64075 308.44635 308.25128 308.05554 307.85913 307.66217 307.46466 307.2666 307.0681 306.86914 306.66974 306.46997 306.26984 306.0694 305.86868 305.66772 305.4665 305.26508 305.06348 304.8617 304.65973 304.45764 304.25546 304.05316 303.85077 303.6483 303.4457 303.2431 303.04047 302.8378 302.63507 302.43237 302.22968 302.02698 301.82428 301.62155 301.41882 301.21613 301.01343 300.81073 300.60803 300.40533 300.20267 300
300 306.901 311.59753 314.65588 316.48013 317.38107 317.61185 317.38153 316.85962 316.17813 315.434 314.69327 313.9965 313.36462 312.80496 312.31604 311.89145 311.52277 311.20108 310.9182 310.66693 310.4413 310.23642 310.04828 309.8737 309.71014 309.55557 309.4083 309.2669 309.1303 308.99756 308.86792 308.74072 308.61536 308.4915 308.36868 308.24664 308.12506 308.00378 307.88257 307.7613 307.6398 307.518 307.39587 307.27332 307.1503 307.0267 306.9026 306.7779 306.65265 306.5268 306.4004 306.27344 306.14587 306.01776 305.88916 305.76007 305.6305 305.5005 305.37 305.23907 305.1078 304.97614 304.84412 304.7118 304.57916 304.44623 304.31308 304.1797 304.04608 303.91226 303.77832 303.64417 303.5099 303.37552 303.24103 303.10638 302.97168 302.8369 302.70206 302.56714 302.43216 302.2971 302.16202 302.02692 301.8918 301.75665 301.62152 301.4864 301.35126 301.21613 301.081 300.94586 300.81073 300.6756 300.54047 300.40533 300.2702 300.1351 300
300 304.13272 306.687 308.2397 309.09213 309.44254 309.441 309.20718 308.8356 308.39816 307.9459 307.512 307.11526 306.7639 306.45877 306.1968 305.97263 305.78024 305.61407 305.46902 305.3409 305.22638 305.12268 305.02768 304.93967 304.85736 304.77963 304.70566 304.6347 304.56616 304.49957 304.43457 304.37085 304.30804 304.246 304.1845 304.1234 304.06262 304.00192 303.94128 303.8806 303.81982 303.7589 303.6978 303.63654 303.575 303.5132 303.45114 303.3888 303.32617 303.26324 303.20004 303.13657 303.07278 303.00873 302.94446 302.8799 302.81512 302.75012 302.68488 302.61945 302.5538 302.48798 302.42197 302.3558 302.2895 302.22302 302.15646 302.08978 302.023 301.9561 301.8891 301.82205 301.7549 301.6877 301.62048 301.55316 301.4858 301.41843 301.351 301.28357 301.21606 301.14853 301.081 301.01343 300.9459 300.8783 300.81073 300.74316 300.6756 300.60803 300.54047 300.4729 300.40533 300.33777 300.2702 300.20264 300.13507 300.06754 300
300 300 300 300 300 300 300 300 300 300 300 300 300 300 300 300 300 300 300 300 300 300 300 300 300 300 300 300 300 300 300 300 300 300 300 300 300 300 300 300 300 300 300 300 300 300 300 300 300 300 300 300 300 300 300 300 300 300 300 300 300 300 300 300 300 300 300 300 300 300 300 300 300 300 300 300 300 300 300 300 300 300 300 300 300 300 300 300 300 300 300 300 300 300 300 300 300 300 300 300
