100 100
0.0 0.5 1.0 1.5 2.0 2.5 3.0 3.5 4.0 4.5 5.0 5.5 6.0 6.5 7.0 7.5 8.0 8.5 9.0 9.5 10.0 10.5 11.0 11.5 12.0 12.5 13.0 13.5 14.0 14.5 15.0 15.5 16.0 16.5 17.0 17.5 18.0 18.5 19.0 19.5 20.0 20.5 21.0 21.5 22.0 22.5 23.0 23.5 24.0 24.5 25.0 25.5 26.0 26.5 27.0 27.5 28.0 28.5 29.0 29.5 30.0 30.5 31.0 31.5 32.0 32.5 33.0 33.5 34.0 34.5 35.0 35.5 36.0 36.5 37.0 37.5 38.0 38.5 39.0 39.5 40.0 40.5 41.0 41.5 42.0 42.5 43.0 43.5 44.0 44.5 45.0 45.5 46.0 46.5 47.0 47.5 48.0 48.5 49.0 49.5 
0.0 0.5 1.0 1.5 2.0 2.5 3.0 3.5 4.0 4.5 5.0 5.5 6.0 6.5 7.0 7.5 8.0 8.5 9.0 9.5 10.0 10.5 11.0 11.5 12.0 12.5 13.0 13.5 14.0 14.5 15.0 15.5 16.0 16.5 17.0 17.5 18.0 18.5 19.0 19.5 20.0 20.5 21.0 21.5 22.0 22.5 23.0 23.5 24.0 24.5 25.0 25.5 26.0 26.5 27.0 27.5 28.0 28.5 29.0 29.5 30.0 30.5 31.0 31.5 32.0 32.5 33.0 33.5 34.0 34.5 35.0 35.5 36.0 36.5 37.0 37.5 38.0 38.5 39.0 39.5 40.0 40.5 41.0 41.5 42.0 42.5 43.0 43.5 44.0 44.5 45.0 45.5 46.0 46.5 47.0 47.5 48.0 48.5 49.0 49.5 
300.0 300.0 300.0 300.0 300.0 300.0 300.0 300.0 300.0 300.0 300.0 300.0 300.0 300.0 300.0 300.0 300.0 300.0 300.0 300.0 300.0 300.0 300.0 300.0 300.0 300.0 300.0 300.0 300.0 300.0 300.0 300.0 300.0 300.0 300.0 300.0 300.0 300.0 300.0 300.0 300.0 300.0 300.0 300.0 300.0 300.0 300.0 300.0 300.0 300.0 300.0 300.0 300.0 300.0 300.0 300.0 300.0 300.0 300.0 300.0 300.0 300.0 300.0 300.0 300.0 300.0 300.0 300.0 300.0 300.0 300.0 300.0 300.0 300.0 300.0 300.0 300.0 300.0 300.0 300.0 300.0 300.0 300.0 300.0 300.0 300.0 300.0 300.0 300.0 300.0 300.0 300.0 300.0 300.0 300.0 300.0 300.0 300.0 300.0 300.0 
300.01266 300.01266 300.02536 300.03796 300.05066 300.0633 300.076 300.08868 300.10132 300.11395 300.12665 300.13928 300.15198 300.16452 300.17715 300.1897 300.20227 300.21478 300.22717 300.23956 300.2519 300.2641 300.27628 300.28833 300.30017 300.3119 300.3235 300.33484 300.34607 300.35703 300.36774 300.37817 300.3883 300.39807 300.4076 300.4167 300.42535 300.43362 300.44144 300.44873 300.45557 300.46185 300.4676 300.47275 300.4773 300.48126 300.48462 300.48734 300.48938 300.49075 300.4914 300.49152 300.49084 300.4895 300.48752 300.48486 300.48154 300.47757 300.47302 300.46783 300.46194 300.45557 300.44867 300.44116 300.4332 300.4247 300.41583 300.40643 300.3967 300.38647 300.37592 300.3651 300.35397 300.34247 300.33075 300.31885 300.30664 300.29434 300.28177 300.26904 300.25623 300.2433 300.23022 300.21698 300.20374 300.19043 300.177 300.16357 300.15002 300.13647 300.12292 300.1093 300.0957 300.08206 300.06836 300.05472 300.04105 300.02737 300.01367 300.01367 
300.02527 300.02527 300.0507 300.076 300.10132 300.12665 300.15198 300.1773 300.20264 300.22797 300.2533 300.27863 300.30392 300.3291 300.35437 300.37946 300.4046 300.42963 300.45447 300.47925 300.5039 300.52832 300.55267 300.57675 300.6005 300.62396 300.64725 300.66992 300.69235 300.7143 300.73578 300.7566 300.77692 300.79657 300.81555 300.8338 300.85114 300.86774 300.88336 300.898 300.91168 300.9243 300.9358 300.94614 300.9553 300.96323 300.96994 300.97534 300.9794 300.98218 300.98355 300.98367 300.98236 300.97974 300.9757 300.97037 300.96375 300.9558 300.94666 300.93622 300.92456 300.91174 300.8979 300.8829 300.8669 300.8499 300.83206 300.8133 300.79376 300.77335 300.75226 300.73056 300.70825 300.68527 300.6618 300.63794 300.61353 300.58887 300.56372 300.5383 300.51263 300.4867 300.4605 300.43414 300.40756 300.38092 300.35403 300.3272 300.30005 300.27307 300.24585 300.2187 300.1914 300.1641 300.1368 300.10944 300.0821 300.05475 300.02737 300.02737 
300.0379 300.0379 300.07605 300.114 300.15198 300.19 300.22803 300.26602 300.304 300.34204 300.38 300.418 300.45593 300.49377 300.53165 300.5693 300.60703 300.64456 300.68195 300.71912 300.75616 300.79282 300.82935 300.86548 300.90115 300.93646 300.97137 301.00546 301.03918 301.07214 301.10443 301.13574 301.16626 301.1958 301.22433 301.25174 301.27783 301.3028 301.3263 301.34833 301.3689 301.38788 301.40515 301.42078 301.4345 301.44647 301.4566 301.4647 301.47083 301.475 301.4771 301.47723 301.47528 301.4713 301.46533 301.45728 301.4473 301.43536 301.42157 301.40588 301.38837 301.36908 301.34824 301.32568 301.30164 301.27612 301.24927 301.221 301.19162 301.16095 301.12933 301.09662 301.0631 301.02863 300.99338 300.95752 300.92084 300.88376 300.84598 300.80786 300.7693 300.73035 300.691 300.65143 300.61157 300.5716 300.53125 300.4909 300.45032 300.40973 300.3689 300.32813 300.2872 300.24622 300.20526 300.1642 300.12317 300.08215 300.04108 300.04108 
300.0506 300.0506 300.10138 300.15204 300.20264 300.25336 300.30405 300.3547 300.40536 300.45612 300.50674 300.55743 300.60803 300.6585 300.70905 300.75928 300.80963 300.8597 300.90958 300.95923 301.00867 301.05762 301.10638 301.1546 301.20233 301.24945 301.29605 301.34167 301.38672 301.43082 301.47388 301.5158 301.55667 301.59613 301.63428 301.67093 301.7059 301.73926 301.77072 301.80023 301.82776 301.8532 301.87634 301.89728 301.91565 301.93173 301.94522 301.95612 301.96436 301.9699 301.97275 301.97296 301.97028 301.96503 301.95697 301.94623 301.93286 301.91687 301.8984 301.87738 301.85394 301.8282 301.80023 301.77008 301.73788 301.7038 301.66782 301.63 301.59073 301.5497 301.5074 301.4637 301.41888 301.3728 301.3257 301.27774 301.22882 301.17926 301.12878 301.07788 301.02637 300.97437 300.92188 300.86902 300.81583 300.76245 300.70868 300.6548 300.60068 300.54648 300.49207 300.43762 300.38303 300.3284 300.2738 300.21902 300.1643 300.10956 300.05475 300.05475 
300.0633 300.0633 300.1267 300.19003 300.25336 300.3167 300.3801 300.44348 300.50677 300.57025 300.63354 300.6969 300.76025 300.82336 300.8866 300.94946 301.0124 301.0751 301.1375 301.19968 301.26154 301.32288 301.3839 301.4443 301.5041 301.56317 301.62152 301.6788 301.7352 301.79053 301.8445 301.89716 301.9484 301.99792 302.04584 302.0918 302.13574 302.1776 302.21716 302.25427 302.28885 302.3208 302.3499 302.37622 302.39938 302.41956 302.43655 302.4502 302.46063 302.46762 302.4712 302.47147 302.4681 302.46155 302.4514 302.43793 302.42114 302.401 302.3778 302.35138 302.32193 302.2896 302.2545 302.2166 302.17615 302.13333 302.0882 302.04077 301.9914 301.94 301.88687 301.8321 301.77585 301.71808 301.65903 301.59894 301.5376 301.47546 301.4123 301.3485 301.284 301.21884 301.1532 301.087 301.02042 300.9536 300.88635 300.81888 300.7512 300.6834 300.6153 300.54724 300.47894 300.41064 300.34235 300.27386 300.20544 300.13696 300.06854 300.06854 
300.076 300.076 300.15207 300.22803 300.30405 300.38013 300.45615 300.53223 300.60825 300.6844 300.76044 300.83643 300.91254 300.98834 301.06427 301.13983 301.21545 301.2908 301.36572 301.44055 301.5149 301.58862 301.66208 301.7347 301.80664 301.87775 301.948 302.01697 302.08493 302.1515 302.2166 302.28003 302.3418 302.40155 302.4593 302.5148 302.5678 302.61835 302.66608 302.7109 302.7527 302.79126 302.82648 302.85822 302.8863 302.91064 302.9312 302.9477 302.9604 302.9688 302.9732 302.97348 302.96948 302.96152 302.94928 302.93304 302.91272 302.88843 302.8604 302.8285 302.7929 302.7539 302.7115 302.66577 302.617 302.56525 302.51083 302.45364 302.39404 302.33215 302.2681 302.2021 302.13428 302.0647 301.99362 301.9212 301.84744 301.77264 301.69666 301.61987 301.5423 301.46393 301.38498 301.30545 301.22543 301.14508 301.06427 300.98328 300.90195 300.8205 300.73874 300.65698 300.575 300.49295 300.41098 300.3288 300.24664 300.16443 300.08224 300.08224 
300.08862 300.08862 300.17743 300.26605 300.35477 300.44348 300.53223 300.62103 300.70972 300.79858 300.8874 300.97607 301.06494 301.1535 301.24213 301.33038 301.41876 301.50684 301.59442 301.68182 301.76877 301.85504 301.94092 302.02588 302.11017 302.19333 302.27557 302.3564 302.43604 302.51404 302.5904 302.6648 302.7372 302.80737 302.8751 302.9403 303.00256 303.0619 303.11804 303.17075 303.2198 303.2652 303.3066 303.34402 303.37704 303.40573 303.42993 303.44937 303.4643 303.4743 303.47943 303.4798 303.47516 303.4657 303.45142 303.43225 303.4084 303.37982 303.34686 303.3094 303.26755 303.22174 303.17188 303.11816 303.06088 303.0001 302.9362 302.86908 302.79913 302.7265 302.6514 302.574 302.4945 302.41296 302.3297 302.2448 302.1585 302.07086 301.982 301.8921 301.8014 301.70972 301.6174 301.5244 301.4309 301.33698 301.24255 301.14795 301.05298 300.95776 300.86237 300.76688 300.6712 300.57538 300.4797 300.38376 300.28784 300.19196 300.096 300.096 
300.10126 300.10126 300.20273 300.30408 300.40546 300.50684 300.6083 300.70984 300.81122 300.9128 301.01437 301.11584 301.21738 301.3188 301.42017 301.52124 301.62238 301.72318 301.82355 301.9236 302.02325 302.12213 302.22058 302.31805 302.41467 302.5101 302.60452 302.69733 302.7888 302.87842 302.96613 303.0517 303.13498 303.2157 303.29367 303.36868 303.44043 303.5088 303.5735 303.63422 303.69083 303.74323 303.79095 303.8342 303.87228 303.9054 303.93338 303.95587 303.9731 303.98468 303.9907 303.9911 303.9858 303.97488 303.95844 303.93634 303.9088 303.87592 303.83783 303.79465 303.74646 303.69357 303.63617 303.57425 303.50827 303.4383 303.3647 303.28748 303.20697 303.12347 303.0371 302.94812 302.85675 302.76306 302.66748 302.57004 302.47092 302.3704 302.26843 302.16537 302.06134 301.95627 301.85052 301.744 301.63684 301.52936 301.42123 301.31293 301.20425 301.0953 300.98615 300.87695 300.7675 300.65796 300.54846 300.43878 300.32913 300.21945 300.10974 300.10974 
300.11392 300.11392 300.22803 300.34204 300.45612 300.57022 300.68433 300.79865 300.91272 301.0271 301.1414 301.25568 301.37 301.4842 301.59842 301.71234 301.8263 301.93994 302.0531 302.16595 302.27838 302.39 302.5011 302.61115 302.72034 302.8282 302.93494 303.03992 303.14334 303.2448 303.34412 303.44107 303.5354 303.62692 303.71533 303.8004 303.88184 303.95947 304.03296 304.10193 304.16632 304.2259 304.2802 304.32935 304.37274 304.4105 304.44232 304.46796 304.4876 304.50082 304.5077 304.50818 304.5022 304.48984 304.47113 304.44604 304.4148 304.37735 304.33405 304.28497 304.2303 304.17017 304.10492 304.03464 303.95972 303.88037 303.7968 303.70923 303.61804 303.52335 303.42554 303.32477 303.2213 303.11533 303.00714 302.897 302.7849 302.67133 302.55615 302.43976 302.32227 302.2037 302.08438 301.96423 301.84338 301.7222 301.60034 301.47827 301.3558 301.2331 301.11014 300.98715 300.8639 300.7406 300.6173 300.49384 300.37042 300.24698 300.1235 300.1235 
300.1266 300.1266 300.25336 300.38 300.5067 300.6336 300.76038 300.88745 301.01422 301.14142 301.2685 301.39557 301.52274 301.64978 301.77692 301.90372 302.03055 302.15707 302.2832 302.40894 302.53427 302.65872 302.78262 302.90546 303.02728 303.14777 303.26697 303.38434 303.49997 303.61346 303.72458 303.83313 303.9388 304.04138 304.1405 304.2359 304.32733 304.4144 304.49695 304.5745 304.64685 304.71384 304.77496 304.8302 304.8791 304.9216 304.95752 304.9864 305.00854 305.0235 305.03125 305.03186 305.0252 305.0113 304.99026 304.9621 304.927 304.8849 304.83624 304.78107 304.7196 304.65207 304.5788 304.49988 304.41583 304.32678 304.23303 304.13486 304.03265 303.9265 303.81702 303.70422 303.58844 303.4699 303.349 303.2259 303.10068 302.97382 302.84528 302.7154 302.58432 302.45212 302.31906 302.18518 302.0506 301.91553 301.7799 301.64398 301.5077 301.37115 301.23438 301.09753 300.96045 300.82336 300.68622 300.549 300.41177 300.27454 300.1373 300.1373 
300.13922 300.13922 300.27866 300.41797 300.55734 300.6969 300.8364 300.9762 301.11575 301.25568 301.39557 301.53552 301.67554 301.8155 301.95557 302.09534 302.2351 302.37463 302.5138 302.65247 302.7909 302.9283 303.0652 303.20093 303.33563 303.4689 303.60083 303.73074 303.85883 303.98462 304.1078 304.22824 304.34552 304.4594 304.56958 304.67554 304.77728 304.87415 304.96597 305.05243 305.13306 305.20767 305.27588 305.33752 305.3921 305.43958 305.47968 305.51196 305.53674 305.55347 305.56223 305.56296 305.5556 305.5401 305.51666 305.48535 305.44623 305.3993 305.3451 305.28363 305.21515 305.13995 305.05835 304.97052 304.87708 304.778 304.67383 304.5647 304.45123 304.3334 304.21188 304.0868 303.95837 303.8271 303.69318 303.5569 303.41833 303.27795 303.1359 302.99237 302.8475 302.70154 302.55466 302.40686 302.25845 302.10947 301.95993 301.81012 301.65988 301.50946 301.35883 301.20807 301.0572 300.9062 300.75522 300.60422 300.45313 300.30212 300.15106 300.15106 
300.15186 300.15186 300.3039 300.4559 300.6079 300.7602 300.91235 301.06494 301.21722 301.36996 301.5227 301.6755 301.8285 301.98132 302.1344 302.28717 302.44006 302.5926 302.74493 302.89673 303.04822 303.19885 303.34885 303.49768 303.64545 303.7917 303.93655 304.07935 304.2201 304.35843 304.49402 304.6266 304.7558 304.88135 305.00287 305.1198 305.2321 305.3391 305.44067 305.53625 305.6255 305.70807 305.78366 305.85193 305.91248 305.96515 306.00964 306.04553 306.07306 306.09167 306.10144 306.10233 306.0942 306.07715 306.0512 306.01654 305.97327 305.92136 305.86136 305.79333 305.7176 305.63446 305.54425 305.4472 305.34396 305.23456 305.1196 304.9992 304.87415 304.74432 304.61047 304.47275 304.33148 304.1871 304.03992 303.89014 303.73804 303.58395 303.42813 303.2707 303.11197 302.952 302.79114 302.6294 302.46692 302.30396 302.14044 301.97662 301.8124 301.648 301.4835 301.3188 301.15402 300.98914 300.82434 300.65942 300.49457 300.3297 300.16486 300.16486 
300.1645 300.1645 300.32913 300.49377 300.65845 300.82343 300.98828 301.15356 301.3187 301.4842 301.64978 301.81555 301.98145 302.14728 302.3134 302.4793 302.6453 302.81104 302.97656 303.1417 303.3064 303.47037 303.63367 303.79578 303.95685 304.11633 304.27435 304.43024 304.58398 304.73514 304.88345 305.0285 305.16998 305.30756 305.4408 305.56903 305.69232 305.80984 305.9215 306.0266 306.12476 306.2157 306.299 306.3742 306.441 306.49915 306.54822 306.58795 306.61835 306.63898 306.64984 306.65088 306.64203 306.6233 306.59476 306.55664 306.50897 306.4519 306.3858 306.31097 306.22766 306.13626 306.0371 305.93045 305.81708 305.697 305.57086 305.43884 305.30176 305.1596 305.01306 304.86237 304.70795 304.55014 304.38937 304.22583 304.05994 303.8919 303.72208 303.55054 303.37772 303.20364 303.02863 302.85272 302.67615 302.49902 302.32144 302.1435 301.96527 301.78687 301.60834 301.42966 301.25098 301.0722 300.8935 300.71478 300.53598 300.3574 300.17865 300.17865 
300.17706 300.17706 300.35434 300.53162 300.70892 300.88654 301.06415 301.24213 301.42004 301.59836 301.77682 301.95554 302.13437 302.31335 302.4925 302.6716 302.85083 303.02985 303.20874 303.38727 303.56537 303.7428 303.91962 304.09525 304.26984 304.4428 304.61423 304.7835 304.95056 305.1149 305.2763 305.4342 305.58835 305.73834 305.88364 306.02368 306.1584 306.28687 306.40897 306.52405 306.6316 306.73126 306.82263 306.90515 306.97852 307.04236 307.0963 307.14008 307.1735 307.1963 307.2083 307.2096 307.19995 307.17944 307.14822 307.10645 307.05417 306.9917 306.91928 306.83728 306.74603 306.646 306.53754 306.42087 306.29694 306.16574 306.028 305.884 305.73444 305.57953 305.41986 305.2559 305.08792 304.91638 304.7417 304.5641 304.3841 304.20184 304.0177 303.83194 303.64478 303.45642 303.26703 303.0769 302.886 302.69464 302.5029 302.31073 302.1184 301.92593 301.73334 301.54065 301.34802 301.15533 300.96268 300.77014 300.57748 300.38504 300.19247 300.19247 
300.18964 300.18964 300.37952 300.56937 300.75934 300.9496 301.13983 301.3305 301.52124 301.7124 301.90375 302.0954 302.2873 302.47937 302.67163 302.864 303.05658 303.24896 303.44135 303.6334 303.82513 304.01624 304.20673 304.39612 304.58438 304.77118 304.95633 305.1393 305.32 305.49792 305.67276 305.84393 306.01117 306.17395 306.33188 306.48413 306.63074 306.77063 306.9037 307.0292 307.14655 307.25543 307.3553 307.44553 307.52582 307.5957 307.65488 307.70282 307.7395 307.7646 307.77786 307.77936 307.76892 307.74664 307.71255 307.66693 307.60986 307.5417 307.4626 307.3731 307.27356 307.16443 307.0462 306.91907 306.78412 306.64133 306.49158 306.33502 306.1726 306.0045 305.8313 305.65356 305.47165 305.28595 305.097 304.90503 304.7106 304.51385 304.31516 304.11487 303.9132 303.7103 303.5064 303.30182 303.0965 302.8908 302.68475 302.47833 302.2718 302.0652 301.85852 301.65176 301.44516 301.23846 301.03192 300.8255 300.61896 300.41272 300.2063 300.2063 
300.20218 300.20218 300.4046 300.607 300.80957 301.0124 301.2154 301.41873 301.62225 301.8262 302.03052 302.2351 302.44006 302.64526 302.8508 303.0565 303.26248 303.46832 303.67438 303.88007 304.08557 304.29056 304.49493 304.6983 304.9006 305.10144 305.30066 305.49768 305.69238 305.88428 306.07294 306.25787 306.43866 306.61478 306.7857 306.95074 307.10974 307.2616 307.4062 307.5426 307.67035 307.78888 307.8977 307.9961 308.08374 308.16006 308.22473 308.2772 308.31738 308.3449 308.3595 308.36127 308.35004 308.32587 308.28873 308.23907 308.177 308.10266 308.0166 307.9192 307.8109 307.69223 307.56372 307.42566 307.27917 307.12427 306.9619 306.7924 306.61658 306.43472 306.2476 306.0556 305.8593 305.65906 305.4554 305.24878 305.03952 304.828 304.61444 304.3994 304.18292 303.96527 303.74673 303.52753 303.30765 303.08746 302.86697 302.64624 302.4254 302.20456 301.98376 301.76294 301.5423 301.3216 301.1012 300.88086 300.66046 300.4403 300.2201 300.2201 
300.21466 300.21466 300.42963 300.64453 300.85968 301.07507 301.2907 301.50674 301.72302 301.93982 302.15704 302.3746 302.59268 302.81104 303.0299 303.24893 303.46844 303.68793 303.90768 304.1272 304.34668 304.56573 304.78424 305.00183 305.21844 305.43365 305.6473 305.8587 306.0678 306.27414 306.477 306.6762 306.87103 307.06104 307.24554 307.42395 307.5959 307.76035 307.91696 308.06494 308.2036 308.3324 308.4507 308.5578 308.65326 308.73642 308.80695 308.86426 308.9082 308.9383 308.9544 308.95648 308.94437 308.91818 308.8779 308.8239 308.75647 308.67572 308.5822 308.47644 308.35895 308.23016 308.09082 307.94128 307.78265 307.61505 307.43954 307.2564 307.06665 306.87054 306.66888 306.46222 306.25104 306.03577 305.81708 305.5953 305.3709 305.14423 304.9156 304.68542 304.45392 304.2213 303.9879 303.75394 303.51935 303.28452 303.0495 302.81433 302.57916 302.34402 302.10904 301.8741 301.6394 301.40472 301.17038 300.93613 300.7019 300.4679 300.2339 300.2339 
300.2271 300.2271 300.45453 300.68195 300.90955 301.1375 301.36575 301.59442 301.8235 302.0531 302.2832 302.5138 302.74496 302.97656 303.20874 303.44128 303.67435 303.9076 304.14117 304.37476 304.60834 304.8416 305.07452 305.30664 305.53784 305.76773 305.99615 306.22235 306.44635 306.66748 306.88513 307.09912 307.3085 307.51294 307.71173 307.9041 308.0896 308.26733 308.4366 308.5968 308.74704 308.8867 309.01514 309.1315 309.2353 309.32578 309.4026 309.46512 309.51306 309.54596 309.56366 309.56616 309.55307 309.52478 309.48114 309.4226 309.34943 309.26178 309.1605 309.04578 308.91846 308.77902 308.6282 308.46655 308.29517 308.11423 307.92487 307.7275 307.52322 307.3122 307.09546 306.87354 306.64697 306.41626 306.18198 305.9447 305.7047 305.46265 305.2185 304.97296 304.7262 304.4784 304.22992 303.98096 303.7315 303.48193 303.23224 302.98254 302.73297 302.48346 302.2343 301.98517 301.73645 301.4878 301.23947 300.99133 300.74326 300.49548 300.24768 300.24768 
300.2395 300.2395 300.4793 300.71918 300.95917 301.19965 301.4405 301.68176 301.92352 302.16595 302.40897 302.65253 302.89685 303.14172 303.38733 303.63333 303.88013 304.1272 304.37482 304.62253 304.87042 305.11816 305.36572 305.6126 305.85876 306.10364 306.3472 306.58868 306.82794 307.0644 307.29742 307.52667 307.75128 307.9708 308.1845 308.3915 308.59137 308.78296 308.96576 309.13885 309.3014 309.45264 309.59186 309.7181 309.8308 309.9292 310.0128 310.08087 310.13318 310.16913 310.1886 310.1915 310.17743 310.1469 310.09967 310.03625 309.95694 309.862 309.7523 309.6281 309.49036 309.33954 309.1766 309.0021 308.8172 308.62222 308.4183 308.20605 307.9865 307.75995 307.52753 307.28973 307.04724 306.8005 306.55023 306.29694 306.04102 305.78302 305.5232 305.26196 304.9996 304.7364 304.4726 304.20847 303.94403 303.67957 303.4151 303.15082 302.88678 302.62286 302.35944 302.09613 301.8333 301.57074 301.3084 301.04645 300.78452 300.52298 300.2614 300.2614 
300.25183 300.25183 300.50397 300.75613 301.00854 301.26147 301.51483 301.76868 302.02313 302.2783 302.5342 302.79077 303.0482 303.3064 303.56543 303.82504 304.0856 304.34662 304.60837 304.8704 305.1328 305.39523 305.65765 305.91962 306.18103 306.44128 306.70044 306.95758 307.21262 307.46494 307.71387 307.95905 308.19952 308.4348 308.66412 308.8865 309.1015 309.30777 309.50488 309.6917 309.86737 310.031 310.18176 310.31863 310.4409 310.5478 310.63873 310.71283 310.76984 310.80914 310.83054 310.8339 310.81885 310.7859 310.7348 310.66614 310.58023 310.4775 310.3587 310.22446 310.0755 309.9126 309.73676 309.54858 309.3494 309.13953 308.9203 308.69238 308.45682 308.21405 307.9652 307.71094 307.45184 307.1886 306.92175 306.652 306.3797 306.1054 305.82947 305.55225 305.27402 304.99515 304.71588 304.43637 304.15674 303.87732 303.598 303.31897 303.0404 302.76202 302.48438 302.20688 301.93 301.6534 301.3772 301.10138 300.82568 300.5504 300.2751 300.2751 
300.2641 300.2641 300.5284 300.79285 301.05762 301.3229 301.5887 301.85504 302.12213 302.39005 302.65878 302.92834 303.1989 303.4704 303.74292 304.0162 304.2906 304.56567 304.84167 305.11816 305.3953 305.67264 305.9502 306.22748 306.5045 306.78058 307.05566 307.32895 307.60028 307.86905 308.13452 308.39624 308.65326 308.9051 309.15082 309.38943 309.62033 309.8423 310.05457 310.25604 310.44574 310.6226 310.78577 310.93408 311.0667 311.1828 311.28168 311.36237 311.4245 311.4674 311.49097 311.4948 311.47876 311.44315 311.38794 311.3136 311.2206 311.10947 310.9809 310.83582 310.6748 310.49902 310.3094 310.10663 309.89224 309.66666 309.43118 309.18677 308.9344 308.67456 308.4087 308.13712 307.8609 307.58044 307.29654 307.00983 306.72064 306.4297 306.1372 305.84366 305.54932 305.25452 304.9595 304.6645 304.36957 304.07495 303.7807 303.48694 303.19373 302.90094 302.60895 302.3173 302.0263 301.7358 301.4457 301.15613 300.8667 300.5777 300.28876 300.28876 
300.27625 300.27625 300.55267 300.82925 301.1063 301.38385 301.66205 301.94077 302.22046 302.50104 302.7826 303.06512 303.34882 303.63358 303.91962 304.2066 304.49487 304.78412 305.07452 305.36563 305.65765 305.95013 306.2431 306.53604 306.82898 307.12128 307.41275 307.70267 307.99088 308.27667 308.55933 308.83832 309.1126 309.38184 309.64478 309.9005 310.14838 310.3869 310.61536 310.83252 311.03717 311.22833 311.40485 311.56555 311.70947 311.8355 311.943 312.03088 312.09857 312.1455 312.1714 312.17584 312.1587 312.12024 312.0606 311.98007 311.87946 311.75916 311.62015 311.46326 311.28937 311.09967 310.8952 310.677 310.44632 310.20404 309.95142 309.6895 309.4194 309.14172 308.8579 308.56842 308.2743 307.976 307.67444 307.37024 307.06372 306.75565 306.44626 306.13605 305.82532 305.51434 305.20337 304.89264 304.58228 304.2724 303.96313 303.65454 303.34662 303.03943 302.7331 302.42725 302.12225 301.81787 301.51385 301.21057 300.90747 300.60486 300.30234 300.30234 
300.28827 300.28827 300.57675 300.86536 301.15454 301.44427 301.7347 302.02582 302.318 302.61115 302.9055 303.20093 303.49774 303.79578 304.09534 304.3961 304.6983 305.0018 305.3067 305.61258 305.91968 306.22748 306.53613 306.84506 307.15424 307.46313 307.77145 308.07858 308.38416 308.68765 308.98813 309.28516 309.57758 309.8651 310.14618 310.42004 310.68585 310.94208 311.1878 311.42172 311.64252 311.84912 312.04004 312.21423 312.37036 312.50732 312.6242 312.71994 312.79382 312.84518 312.87354 312.87878 312.86038 312.8189 312.7544 312.66718 312.55823 312.42798 312.2776 312.10797 311.92017 311.71542 311.4951 311.2602 311.0122 310.7521 310.48126 310.20087 309.91205 309.6156 309.313 309.00476 308.69196 308.37515 308.05536 307.73303 307.4087 307.08307 306.7564 306.4292 306.10175 305.77435 305.4472 305.12064 304.79462 304.46942 304.14502 303.82153 303.49896 303.17725 302.85663 302.53665 302.21765 301.89938 301.58163 301.2647 300.948 300.63184 300.31583 300.31583 
300.30017 300.30017 300.60052 300.90112 301.2022 301.5041 301.8066 302.11005 302.4146 302.72028 303.02728 303.3356 303.64548 303.9568 304.26984 304.58435 304.90057 305.21838 305.5379 305.8587 306.181 306.50443 306.829 307.15417 307.47998 307.80585 308.13156 308.45636 308.77994 309.10175 309.42084 309.73663 310.04816 310.35477 310.6551 310.94818 311.23303 311.50812 311.7724 312.02432 312.2626 312.48578 312.69244 312.88123 313.0507 313.19965 313.32684 313.43124 313.5119 313.56818 313.59937 313.6054 313.58572 313.5409 313.47107 313.3766 313.25848 313.11743 312.9546 312.77112 312.56824 312.3473 312.10974 311.857 311.5904 311.31128 311.021 310.721 310.41248 310.09622 309.77386 309.446 309.11377 308.77777 308.43903 308.09802 307.75537 307.41168 307.06738 306.7228 306.37836 306.0343 305.6908 305.34814 305.00644 304.66577 304.32617 303.98782 303.65048 303.31433 302.97943 302.64536 302.31244 301.98035 301.64893 301.31836 300.98822 300.65857 300.32925 300.32925 
300.3119 300.3119 300.62402 300.93643 301.24933 301.5632 301.8777 302.1933 302.51013 302.82822 303.14783 303.46893 303.7918 304.11636 304.4429 304.7712 305.10147 305.43365 305.76782 306.1037 306.44135 306.78058 307.12134 307.46307 307.8059 308.14917 308.49268 308.83566 309.17795 309.5187 309.85718 310.1927 310.52417 310.85095 311.17157 311.48505 311.79022 312.08545 312.36963 312.641 312.89813 313.13937 313.36316 313.5679 313.752 313.91412 314.0527 314.16663 314.25488 314.31653 314.35092 314.35785 314.33685 314.28833 314.2126 314.1101 313.982 313.8291 313.65265 313.45404 313.23468 312.99612 312.74005 312.46796 312.18137 311.8819 311.57092 311.25006 310.9206 310.58356 310.24042 309.89203 309.5395 309.18356 308.8252 308.4649 308.10342 307.7412 307.37878 307.01657 306.65485 306.29382 305.9338 305.57495 305.2174 304.86118 304.5064 304.15305 303.80103 303.45044 303.1013 302.75317 302.40643 302.0606 301.7156 301.3716 301.02808 300.6851 300.34253 300.34253 
300.3235 300.3235 300.64716 300.97125 301.29587 301.62146 301.94788 302.27545 302.60443 302.9348 303.2669 303.60074 303.9365 304.2743 304.61426 304.9563 305.30066 305.6472 305.99615 306.34717 306.70038 307.05554 307.41275 307.77136 308.13153 308.49258 308.85443 309.21622 309.57776 309.93823 310.29688 310.65298 311.0054 311.35345 311.69556 312.0307 312.35754 312.67438 312.97995 313.27228 313.54987 313.8108 314.05334 314.2755 314.47583 314.6524 314.80362 314.92816 315.02484 315.0925 315.1305 315.13843 315.11594 315.06342 314.98114 314.8698 314.7307 314.56464 314.37323 314.15808 313.92072 313.66296 313.38675 313.0937 312.78564 312.4643 312.1312 311.7881 311.4365 311.0774 310.71246 310.3426 309.96887 309.59216 309.21347 308.8333 308.4524 308.0713 307.6903 307.31006 306.9308 306.5526 306.17584 305.80066 305.4272 305.05536 304.6853 304.31702 303.95032 303.58533 303.222 302.86 302.49945 302.14005 301.78156 301.42426 301.0675 300.7113 300.35565 300.35565 
300.33484 300.33484 300.66995 301.00552 301.34167 301.67883 302.01697 302.35638 302.69733 303.03992 303.38437 303.73077 304.07935 304.43027 304.78357 305.1393 305.49774 305.8587 306.22247 306.58875 306.9576 307.32898 307.70273 308.07858 308.4564 308.8357 309.2163 309.59747 309.97888 310.3599 310.7395 311.1172 311.49158 311.86206 312.2269 312.5851 312.93506 313.27515 313.60373 313.91882 314.21863 314.50104 314.7641 315.0056 315.2237 315.41638 315.58167 315.71808 315.8241 315.89856 315.9406 315.9498 315.9256 315.86862 315.7791 315.65796 315.50653 315.32596 315.11804 314.8846 314.6275 314.34882 314.0506 313.73486 313.40356 313.0587 312.70193 312.33514 311.96 311.57758 311.18973 310.7973 310.4015 310.00323 309.60345 309.20276 308.80194 308.4013 308.0015 307.6029 307.20575 306.81024 306.41656 306.02496 305.63547 305.248 304.86267 304.47946 304.09814 303.7188 303.34137 302.96558 302.59137 302.2185 301.84674 301.47626 301.10638 300.73724 300.36853 300.36853 
300.346 300.346 300.69232 301.03918 301.38666 301.73523 302.0849 302.43594 302.7887 303.1433 303.49997 303.85876 304.2201 304.58398 304.95062 305.31995 305.69244 306.0678 306.4464 306.82797 307.21265 307.60034 307.9909 308.38416 308.78 309.17792 309.5778 309.9789 310.38086 310.78314 311.18463 311.58478 311.9823 312.3764 312.76538 313.14813 313.5229 313.88785 314.24133 314.58112 314.90515 315.21112 315.49677 315.75958 315.99744 316.208 316.38907 316.53876 316.65533 316.73752 316.7841 316.7947 316.76865 316.70667 316.60913 316.47696 316.31177 316.11505 315.8888 315.63516 315.35626 315.05457 314.73236 314.39194 314.0355 313.66522 313.2831 312.891 312.4909 312.0838 311.6718 311.25574 310.83685 310.4162 309.99457 309.57272 309.1514 308.73087 308.31177 307.89453 307.47928 307.0662 306.65552 306.2474 305.8418 305.43872 305.03806 304.64008 304.2442 303.8506 303.45923 303.06976 302.682 302.29584 301.91098 301.52747 301.14468 300.76276 300.38126 300.38126 
300.35693 300.35693 300.7143 301.07214 301.43073 301.7905 302.15143 302.51398 302.87833 303.24475 303.61343 303.98456 304.3584 304.7351 305.115 305.49786 305.8843 306.27405 306.66748 307.0644 307.4649 307.86905 308.2766 308.68756 309.10168 309.51868 309.93826 310.3598 310.78302 311.2073 311.63156 312.05518 312.47705 312.89606 313.31064 313.71948 314.12073 314.51257 314.893 315.25958 315.61014 315.942 316.2525 316.53906 316.79895 317.02954 317.22824 317.393 317.52148 317.61237 317.66418 317.6764 317.64832 317.58072 317.4741 317.32953 317.14893 316.93414 316.68738 316.41132 316.10834 315.78125 315.43274 315.06543 314.68164 314.28403 313.87457 313.45547 313.0288 312.59558 312.15817 311.71735 311.27438 310.8304 310.38623 309.94257 309.50018 309.05933 308.62057 308.1844 307.75082 307.32 306.89224 306.46747 306.04584 305.6271 305.21124 304.79843 304.38818 303.98047 303.5753 303.17227 302.77118 302.37195 301.97412 301.57782 301.18234 300.7878 300.39377 300.39377 
300.36768 300.36768 300.73572 301.10437 301.47382 301.84454 302.2165 302.59033 302.96603 303.3441 303.72458 304.1078 304.49402 304.88342 305.2763 305.67264 306.07294 306.477 306.8852 307.2975 307.71387 308.13452 308.5593 308.98813 309.42078 309.85718 310.29694 310.7395 311.18463 311.6316 312.07956 312.5278 312.9751 313.4204 313.86212 314.29877 314.72845 315.14923 315.55884 315.95465 316.33417 316.69458 317.0327 317.34564 317.6302 317.88324 318.102 318.28372 318.42584 318.52664 318.5844 318.59854 318.56818 318.4942 318.37726 318.21872 318.0207 317.78552 317.5158 317.21472 316.8849 316.52985 316.1524 315.7556 315.34216 314.91492 314.47614 314.02814 313.57312 313.11237 312.6481 312.1814 311.7133 311.24512 310.77765 310.31155 309.8476 309.38596 308.92725 308.47186 308.01978 307.5711 307.12616 306.68472 306.24707 305.81274 305.38177 304.95428 304.52972 304.1081 303.68927 303.27295 302.8587 302.4466 302.03607 301.62717 301.21927 300.81238 300.406 300.406 
300.3781 300.3781 300.75662 301.1358 301.5158 301.8972 302.28003 302.66476 303.05164 303.44104 303.83313 304.22818 304.62662 305.0285 305.43427 305.84387 306.25793 306.67615 307.09906 307.52667 307.95898 308.39615 308.83823 309.2851 309.73657 310.19266 310.65298 311.11713 311.58472 312.05524 312.5277 313.00165 313.4756 313.94864 314.41907 314.8854 315.34555 315.79752 316.23877 316.6665 317.07788 317.4698 317.83862 318.18103 318.4933 318.77185 319.01328 319.2144 319.37207 319.4843 319.54895 319.56528 319.53238 319.4511 319.32233 319.14786 318.93005 318.67184 318.37622 318.047 317.68738 317.30118 316.89185 316.46277 316.01703 315.55765 315.0873 314.60837 314.12323 313.63336 313.14087 312.64697 312.1527 311.65952 311.168 310.67883 310.1928 309.71 309.23105 308.75623 308.2855 307.81885 307.3567 306.89865 306.44498 305.99518 305.54926 305.10718 304.66852 304.2332 303.8009 303.37146 302.94434 302.51962 302.09662 301.6754 301.25537 300.8364 300.418 300.418 
300.38824 300.38824 300.77692 301.16632 301.5566 301.9484 302.34174 302.73718 303.1349 303.5354 303.93884 304.34546 304.75586 305.16998 305.5884 306.01114 306.4387 306.87097 307.30853 307.75128 308.19952 308.6532 309.11267 309.57767 310.04822 310.52417 311.0055 311.49164 311.98233 312.47708 312.97507 313.4757 313.9775 314.4798 314.98062 315.47852 315.97137 316.45694 316.93253 317.39514 317.8416 318.2684 318.67145 319.04694 319.3905 319.69806 319.9654 320.18872 320.3644 320.48987 320.5625 320.58142 320.5456 320.45596 320.3136 320.1208 319.88037 319.5959 319.27094 318.91 318.5169 318.09607 317.6515 317.18695 316.70587 316.2118 315.7074 315.19543 314.6782 314.15756 313.63535 313.1131 312.59167 312.0725 311.55627 311.04346 310.53488 310.03058 309.53113 309.03668 308.54718 308.06262 307.58322 307.10864 306.63904 306.1739 305.7132 305.25674 304.8042 304.35535 303.90994 303.46762 303.0279 302.5908 302.1557 301.72247 301.29053 300.8598 300.4297 300.4297 
300.39807 300.39807 300.79657 301.19583 301.59613 301.99796 302.40152 302.80734 303.21564 303.6269 304.04135 304.45935 304.8814 305.3075 305.73837 306.1739 306.6148 307.06097 307.51297 307.97076 308.4348 308.905 309.38184 309.865 310.35474 310.85083 311.35345 311.86194 312.37634 312.89603 313.42032 313.94867 314.47974 315.01263 315.5456 316.0771 316.60492 317.12677 317.63965 318.14044 318.62558 319.09106 319.5324 319.9452 320.32428 320.66492 320.96204 321.21106 321.40765 321.54852 321.63052 321.65253 321.61325 321.51392 321.35583 321.14172 320.8753 320.5606 320.2023 319.80545 319.3747 318.91522 318.43152 317.92798 317.40833 316.8766 316.3355 315.78815 315.23694 314.6837 314.1304 313.5785 313.02893 312.48297 311.94128 311.4043 310.87283 310.3468 309.82654 309.31244 308.8041 308.30164 307.80505 307.3141 306.8287 306.34845 305.87317 305.40256 304.9364 304.47433 304.016 303.56113 303.10913 302.66 302.21304 301.76816 301.3247 300.8825 300.44104 300.44104 
300.4075 300.4075 300.81555 301.2243 301.63422 302.0458 302.45923 302.8751 303.29364 303.71533 304.1405 304.56946 305.00287 305.44067 305.88367 306.33173 306.7857 307.2455 307.71173 308.18445 308.6641 309.1507 309.64478 310.14612 310.6551 311.1715 311.69562 312.22687 312.7654 313.31067 313.86206 314.41913 314.9806 315.5457 316.11255 316.67975 317.24503 317.8059 318.3593 318.90186 319.4297 319.93823 320.42252 320.8775 321.29706 321.67572 322.00726 322.28625 322.5073 322.66626 322.75937 322.78497 322.74176 322.631 322.45453 322.21558 321.91888 321.56946 321.1728 320.73508 320.26187 319.75906 319.2319 318.6853 318.1236 317.5509 316.97037 316.38525 315.79797 315.21036 314.6245 314.04175 313.46307 312.88956 312.32178 311.76025 311.2055 310.65753 310.1164 309.58252 309.05542 308.5351 308.0215 307.5143 307.01337 306.5182 306.0286 305.5442 305.0647 304.58972 304.11884 303.65167 303.1878 302.727 302.26855 301.81238 301.35776 300.90445 300.452 300.452 
300.4166 300.4166 300.83377 301.2517 301.67084 302.0918 302.5147 302.94022 303.3686 303.80045 304.2359 304.67554 305.11987 305.56906 306.02386 306.48413 306.95087 307.424 307.90417 308.39154 308.8866 309.3894 309.90057 310.42007 310.94824 311.48505 312.03076 312.58508 313.14813 313.71948 314.2987 314.88544 315.47845 316.07715 316.67975 317.2848 317.89 318.49292 319.09027 319.67856 320.25348 320.81003 321.34265 321.84543 322.31143 322.73395 323.10565 323.41974 323.66968 323.85016 323.95648 323.98642 323.93857 323.81427 323.61597 323.34787 323.0157 322.62585 322.18497 321.70056 321.17914 320.62772 320.0522 319.45813 318.85037 318.23337 317.6104 316.985 316.3595 315.73578 315.11603 314.50122 313.89246 313.2907 312.69635 312.10992 311.53162 310.96155 310.3996 309.84595 309.3002 308.7622 308.23184 307.7086 307.19238 306.68265 306.179 305.68115 305.1887 304.70117 304.21808 303.7391 303.26367 302.79156 302.32208 301.85495 301.3896 300.9256 300.46252 300.46252 
300.4253 300.4253 300.85117 301.2779 301.70587 302.13574 302.56775 303.00253 303.44037 303.88187 304.32727 304.77722 305.23212 305.69226 306.15845 306.63058 307.10974 307.59583 308.08963 308.5913 309.10144 309.62027 310.14832 310.68576 311.233 311.79016 312.35754 312.93503 313.52283 314.12082 314.7284 315.34564 315.9713 316.60498 317.24506 317.89 318.53778 319.1858 319.83087 320.46912 321.09604 321.70618 322.29327 322.85052 323.3699 323.84338 324.2622 324.6178 324.90222 325.10846 325.2307 325.26593 325.21252 325.07196 324.84756 324.5448 324.17078 323.73352 323.24133 322.70328 322.12708 321.52087 320.89142 320.24506 319.58698 318.922 318.2536 317.5852 316.91946 316.25793 315.60284 314.95496 314.3153 313.68478 313.06342 312.45178 311.84985 311.25763 310.6749 310.10168 309.53748 308.98206 308.43518 307.89624 307.3651 306.84113 306.3239 305.81296 305.30792 304.8083 304.31342 303.823 303.33652 302.8535 302.37338 301.8958 301.42007 300.94592 300.47266 300.47266 
300.43353 300.43353 300.86774 301.30273 301.73917 302.17758 302.61823 303.0619 303.50867 303.95947 304.41434 304.87418 305.33917 305.80988 306.287 306.77057 307.26172 307.7603 308.2674 308.78296 309.30786 309.84232 310.38693 310.94208 311.50815 312.08545 312.67447 313.27515 313.88788 314.5127 315.14917 315.79755 316.45688 317.12677 317.8059 318.49286 319.1858 319.88214 320.57867 321.27155 321.95587 322.62576 323.27438 323.8938 324.47485 325.00797 325.48248 325.88757 326.2135 326.45096 326.5927 326.63446 326.57428 326.41394 326.158 325.81354 325.3896 324.89645 324.34436 323.74435 323.10565 322.43765 321.74817 321.04407 320.3311 319.61432 318.89728 318.18344 317.47528 316.77435 316.08264 315.40082 314.72968 314.0698 313.42126 312.78427 312.15878 311.54446 310.94116 310.34857 309.76627 309.19373 308.63074 308.0765 307.53088 306.99307 306.46268 305.93912 305.422 304.91064 304.40454 303.90317 303.406 302.9126 302.42233 301.93472 301.44916 300.96527 300.48233 300.48233 
300.44135 300.44135 300.88336 301.32623 301.77063 302.2171 302.666 303.11798 303.57333 304.03293 304.49683 304.966 305.44067 305.92145 306.409 306.90356 307.4062 307.91693 308.4367 308.96576 309.50494 310.05457 310.61536 311.1878 311.7724 312.36954 312.97995 313.6037 314.24133 314.89307 315.55872 316.23877 316.9325 317.63965 318.3593 319.09027 319.83087 320.5787 321.33072 322.083 322.8305 323.56714 324.28522 324.97583 325.62848 326.23166 326.7724 327.2373 327.6137 327.8896 328.05542 328.10526 328.03668 327.85208 327.55743 327.16223 326.67828 326.1186 325.49615 324.82428 324.11414 323.3764 322.61996 321.85236 321.07965 320.30713 319.53833 318.7765 318.02402 317.2823 316.55286 315.8364 315.13324 314.44385 313.76794 313.1057 312.4568 311.82068 311.19705 310.5855 309.98547 309.39627 308.8176 308.2486 307.68903 307.13785 306.5948 306.05914 305.53043 305.00787 304.49103 303.97925 303.47195 302.96866 302.46875 301.97162 301.47675 300.98358 300.4915 300.4915 
300.44867 300.44867 300.898 301.34833 301.80023 302.25424 302.71085 303.1707 303.63412 304.102 304.57443 305.0524 305.53625 306.02655 306.52405 307.02905 307.5426 308.06488 308.59686 309.13882 309.6917 310.25598 310.8325 311.4217 312.02432 312.64093 313.2723 313.91885 314.58112 315.2597 315.9546 316.66656 317.3951 318.14047 318.90186 319.67853 320.46918 321.27155 322.083 322.89972 323.71664 324.5275 325.324 326.09622 326.8322 327.51825 328.13852 328.67627 329.11493 329.43866 329.63477 329.69485 329.61578 329.4007 329.05792 328.60016 328.04324 327.40375 326.69824 325.94275 325.15073 324.33435 323.50342 322.6661 321.82874 320.99646 320.17282 319.36072 318.56223 317.7785 317.01056 316.25894 315.5235 314.80457 314.1015 313.41425 312.74225 312.0847 311.44128 310.81128 310.194 309.58878 308.99493 308.41174 307.83875 307.2748 306.71973 306.17258 305.63278 305.0996 304.57257 304.05096 303.53412 303.02145 302.51245 302.0064 301.5027 301.00085 300.50006 300.50006 
300.4555 300.4555 300.91168 301.3689 301.82776 302.28882 302.75262 303.21985 303.6908 304.16638 304.64685 305.13306 305.62552 306.12476 306.63168 307.14645 307.67038 308.20355 308.74713 309.30136 309.8674 310.44568 311.03717 311.64252 312.2626 312.89807 313.54987 314.21863 314.90512 315.61017 316.3341 317.07797 317.84158 318.62558 319.42963 320.25342 321.09607 321.9558 322.83054 323.71667 324.6095 325.50266 326.3875 327.25336 328.0866 328.87106 329.5876 330.21497 330.7315 331.11594 331.3507 331.424 331.3315 331.0775 330.6738 330.138 329.49124 328.75522 327.95105 327.09814 326.21228 325.30725 324.3938 323.48032 322.57336 321.67752 320.79626 319.9319 319.086 318.25937 317.45248 316.66553 315.8979 315.14966 314.41977 313.708 313.01334 312.33508 311.67242 311.02463 310.39084 309.77017 309.16187 308.5652 307.97934 307.40338 306.8369 306.2788 305.72864 305.1855 304.6489 304.11798 303.5922 303.0708 302.55328 302.03888 301.52692 301.01694 300.5081 300.5081 
300.4618 300.4618 300.92426 301.38788 301.85315 302.32074 302.79123 303.2652 303.7431 304.2259 304.71378 305.20767 305.70813 306.2157 306.73138 307.2553 307.78894 308.33237 308.88678 309.45264 310.031 310.62262 311.22833 311.84906 312.48578 313.13934 313.81082 314.50104 315.2111 315.94202 316.69446 317.4698 318.2683 319.091 319.9382 320.80997 321.70618 322.62573 323.5671 324.52747 325.50256 326.4865 327.4706 328.4435 329.3904 330.29233 331.12616 331.8652 332.4806 332.9434 333.2287 333.31946 333.2093 332.9046 332.4223 331.78748 331.02887 330.17526 329.25342 328.28674 327.29352 326.28912 325.2846 324.28864 323.30725 322.3445 321.4032 320.48505 319.59088 318.72095 317.87506 317.05298 316.25357 315.47653 314.72046 313.98492 313.26837 312.57016 311.88913 311.22427 310.57477 309.93945 309.3175 308.70807 308.1101 307.5229 306.94568 306.3774 305.81757 305.2651 304.7196 304.18005 303.64597 303.11646 302.59106 302.0689 301.54932 301.03183 300.5155 300.5155 
300.46747 300.46747 300.9358 301.40518 301.8763 302.34985 302.82648 303.30658 303.79092 304.28027 304.77496 305.2759 305.7837 306.29895 306.8227 307.35516 307.8977 308.45062 309.01514 309.5918 310.1817 310.78577 311.4048 312.04004 312.69247 313.3631 314.05334 314.76404 315.4967 316.2525 317.03265 317.83865 318.6714 319.53244 320.42258 321.34265 322.29333 323.27432 324.28516 325.32397 326.38745 327.4706 328.56537 329.66034 330.73972 331.78217 332.76007 333.63977 334.38275 334.94885 335.30185 335.41614 335.2823 334.90967 334.3239 333.56128 332.66187 331.664 330.6015 329.5021 328.38666 327.27142 326.16748 325.08295 324.02295 322.99048 321.98755 321.0147 320.072 319.15887 318.27448 317.41785 316.58752 315.7826 315.00137 314.24292 313.50558 312.78836 312.08994 311.40903 310.74475 310.09567 309.461 308.83963 308.23047 307.6328 307.0456 306.46793 305.8991 305.33813 304.78442 304.23694 303.69522 303.15826 302.6256 302.09637 301.56982 301.04547 300.52228 300.52228 
300.47266 300.47266 300.94617 301.42078 301.89722 302.3761 302.85822 303.34393 303.834 304.32928 304.83014 305.33746 305.85193 306.37415 306.9052 307.4454 307.99615 308.55774 309.13153 309.71808 310.3186 310.93408 311.5655 312.21414 312.88126 313.56784 314.27557 315.0056 315.75955 316.53906 317.34558 318.18103 319.0468 319.94516 320.87744 321.84534 322.85052 323.89368 324.9758 326.0962 327.25333 328.44357 329.66037 330.8933 332.1266 333.337 334.49268 335.55154 336.46228 337.16782 337.6141 337.7613 337.59436 337.12836 336.40295 335.4724 334.3937 333.2179 331.98724 330.73376 329.48026 328.24277 327.03156 325.85327 324.71136 323.60754 322.54218 321.5147 320.52393 319.5685 318.6466 317.7567 316.8967 316.0652 315.26007 314.48004 313.72314 312.98813 312.2735 311.57767 310.89966 310.2379 309.5915 308.95914 308.33972 307.73245 307.13617 306.54987 305.97293 305.40417 304.84302 304.28836 303.7397 303.19608 302.65683 302.12115 301.58838 301.05774 300.5284 300.5284 
300.47723 300.47723 300.95532 301.43457 301.9157 302.39935 302.8863 303.377 303.87222 304.3728 304.87906 305.39215 305.91254 306.44098 306.97858 307.5257 308.0838 308.65317 309.23526 309.8308 310.4409 311.0667 311.70947 312.3703 313.05072 313.752 314.4758 315.2237 315.99738 316.79895 317.63013 318.4933 319.39044 320.32428 321.29706 322.3114 323.36996 324.47485 325.6285 326.8322 328.08664 329.39044 330.73975 332.12656 333.53674 334.9472 336.3225 337.61182 338.74686 339.64563 340.2246 340.41925 340.20474 339.6059 338.68713 337.53214 336.2229 334.8272 333.3965 331.96585 330.5584 329.18823 327.86328 326.58765 325.3622 324.18665 323.05948 321.97842 320.94107 319.94495 318.9873 318.06592 317.17798 316.3216 315.4942 314.6942 313.9193 313.1679 312.4384 311.729 311.03848 310.36523 309.70813 309.06586 308.4372 307.82132 307.21683 306.62286 306.03867 305.4629 304.89508 304.33405 303.7792 303.2296 302.68454 302.1432 301.6048 301.06866 300.53387 300.53387 
300.4812 300.4812 300.96326 301.44653 301.9317 302.4195 302.91064 303.40564 303.90536 304.41052 304.9215 305.43958 305.9652 306.49905 307.04242 307.59558 308.16016 308.73636 309.32574 309.92926 310.5478 311.18286 311.83557 312.50732 313.19965 313.91406 314.65234 315.41632 316.20792 317.02948 317.88324 318.77188 319.698 320.6649 321.67563 322.73383 323.8434 325.0079 326.23163 327.5182 328.87103 330.29236 331.7821 333.33698 334.9472 336.59283 338.23853 339.82538 341.26465 342.4371 343.21045 343.47583 343.19043 342.3972 341.2046 339.74524 338.13824 336.47223 334.8061 333.17535 331.59973 330.08887 328.64636 327.27213 325.96375 324.71796 323.53104 322.39886 321.3175 320.28323 319.29236 318.34186 317.4283 316.54916 315.70163 314.88354 314.09235 313.3263 312.5834 311.8619 311.16025 310.4768 309.8102 309.15924 308.5224 307.89886 307.28723 306.68652 306.0959 305.51404 304.94043 304.37375 303.8136 303.25876 302.70862 302.1623 301.61908 301.07813 300.53864 300.53864 
300.48456 300.48456 300.96994 301.4566 301.9452 302.43646 302.93118 303.4298 303.9333 304.44232 304.95734 305.4796 306.00964 306.54813 307.09637 307.65472 308.2248 308.8069 309.40253 310.01282 310.6386 311.28168 311.94293 312.6242 313.32684 314.05267 314.80362 315.58167 316.38898 317.22824 318.102 319.0133 319.96533 320.96204 322.0072 323.1056 324.2622 325.48233 326.77234 328.13843 329.58752 331.12616 332.76 334.4926 336.32254 338.23846 340.21136 342.1797 344.03168 345.59467 346.65576 347.02798 346.63562 345.55457 343.97137 342.09915 340.11063 338.11725 336.1808 334.3302 332.57672 330.92175 329.36176 327.89117 326.5031 325.191 323.9483 322.76898 321.64734 320.57846 319.55768 318.58115 317.64478 316.74548 315.8801 315.04614 314.24072 313.46185 312.70734 311.97534 311.26404 310.5718 309.89703 309.23853 308.59476 307.96466 307.34692 306.74042 306.14438 305.5573 304.97876 304.40735 303.84265 303.2834 302.72897 302.17847 301.63113 301.08612 300.5426 300.5426 
300.4872 300.4872 300.97534 301.46472 301.95612 302.4502 302.94775 303.44934 303.9559 304.46805 304.9864 305.5121 306.04565 306.58795 307.14014 307.70273 308.27734 308.86426 309.4651 310.08093 310.7128 311.36243 312.03085 312.71997 313.4312 314.16663 314.9282 315.71808 316.5387 317.3929 318.2837 319.21436 320.18866 321.21106 322.2862 323.41968 324.61783 325.88757 327.23737 328.67627 330.21503 331.86523 333.6397 335.5515 337.61185 339.82532 342.17963 344.6211 347.01694 349.12158 350.59656 351.1255 350.57642 349.0813 346.95642 344.54025 342.07855 339.70367 337.46954 335.38843 333.45578 331.66003 329.98834 328.42804 326.96713 325.59512 324.30273 323.08173 321.9249 320.826 319.77936 318.78052 317.82465 316.9082 316.02777 315.18042 314.36298 313.57336 312.8092 312.06836 311.34906 310.64954 309.96802 309.30328 308.6538 308.01828 307.3955 306.7843 306.18378 305.59253 305.0099 304.4347 303.8662 303.30338 302.74548 302.19153 301.64093 301.0926 300.54584 300.54584 
300.48926 300.48926 300.97946 301.4709 301.96436 302.46057 302.96033 303.46417 303.97305 304.48755 305.00842 305.53674 306.07306 306.6183 307.17346 307.7394 308.31744 308.90814 309.51294 310.13318 310.76978 311.4245 312.09857 312.79385 313.5119 314.25488 315.0248 315.8241 316.65533 317.52145 318.4259 319.37213 320.36444 321.4077 322.5073 323.66968 324.90222 326.21344 327.61365 329.1149 330.7315 332.48053 334.38272 336.46222 338.7469 341.26453 344.03168 347.01697 350.07425 352.86835 354.88684 355.62473 354.86664 352.82794 350.01358 346.93588 343.9303 341.14258 338.6042 336.2987 334.19824 332.2748 330.50418 328.86597 327.3427 325.92023 324.5863 323.33075 322.14502 321.0216 319.954 318.93707 317.96555 317.03543 316.14288 315.28485 314.45795 313.65982 312.88806 312.14026 311.41467 310.7094 310.02264 309.35303 308.6991 308.0594 307.43274 306.81787 306.2139 305.6194 305.03366 304.45554 303.88416 303.3186 302.75806 302.20148 301.64838 301.0975 300.54834 300.54834 
300.49066 300.49066 300.9822 301.47504 301.9699 302.4676 302.9688 303.4742 303.98468 304.5008 305.02338 305.55347 306.09174 306.63892 307.19626 307.76447 308.34497 308.93823 309.5459 310.1692 310.80914 311.46747 312.1455 312.8452 313.5681 314.31653 315.09253 315.8986 316.7375 317.6123 318.52667 319.48428 320.48978 321.5485 322.66617 323.85007 325.10837 326.45087 327.88953 329.43866 331.11597 332.9433 334.94882 337.1678 339.6457 342.437 345.59473 349.12164 352.86835 356.40677 359.02576 359.9972 359.00555 356.3663 352.80756 349.04044 345.49316 342.3149 339.50275 337.00406 334.76407 332.7373 330.88828 329.1893 327.6181 326.15717 324.79193 323.51056 322.30328 321.16168 320.07864 319.04846 318.0655 317.12537 316.22412 315.35834 314.5246 313.72034 312.9431 312.19037 311.46033 310.75098 310.0605 309.38748 308.73035 308.08774 307.45834 306.84094 306.2346 305.63782 305.04993 304.4698 303.89642 303.32898 302.7666 302.2083 301.65344 301.1009 300.55 300.55 
300.4914 300.4914 300.98358 301.47714 301.97278 302.4712 302.9732 303.47937 303.9907 304.50763 305.0312 305.56223 306.1015 306.64978 307.2083 307.77777 308.35962 308.95438 309.56366 310.18866 310.83057 311.49097 312.17133 312.87363 313.59937 314.35095 315.1305 315.9406 316.78412 317.66415 318.58447 319.549 320.56253 321.6306 322.7594 323.95648 325.23077 326.5927 328.0554 329.63477 331.35077 333.22864 335.30185 337.61407 340.22467 343.21033 346.65576 350.5966 354.8868 359.02576 362.13654 363.30054 362.11633 358.98523 354.82602 350.51532 346.5541 343.08813 340.08167 337.45026 335.11694 333.0225 331.123 329.38522 327.78387 326.29883 324.91415 323.6168 322.39627 321.2436 320.1511 319.1129 318.123 317.17688 316.27042 315.39996 314.5622 313.75433 312.97388 312.2182 311.48553 310.77386 310.08124 309.40628 308.7473 308.1031 307.47217 306.85336 306.24567 305.64764 305.0586 304.47736 303.90292 303.33447 302.77115 302.2119 301.65607 301.10266 300.55087 300.55087 
300.49146 300.49146 300.98364 301.47723 301.97293 302.47137 302.97345 303.47968 303.9911 304.50812 305.03174 305.56293 306.10236 306.65082 307.20953 307.77924 308.36133 308.95642 309.56604 310.19147 310.83386 311.49475 312.17575 312.87872 313.6053 314.3578 315.13837 315.9497 316.79462 317.67627 318.59842 319.5652 320.5813 321.6524 322.78485 323.98633 325.26593 326.6344 328.10516 329.69476 331.424 333.31934 335.41614 337.7612 340.4192 343.47565 347.028 351.12546 355.62466 359.99716 363.30057 364.54028 363.28036 359.95663 355.5639 351.04425 346.92636 343.35352 340.2763 337.59747 335.23126 333.11328 331.19635 329.44537 327.8338 326.3406 324.94943 323.6468 322.42188 321.26553 320.17007 319.12927 318.13715 317.18918 316.2811 315.4093 314.57025 313.7614 312.97998 312.22357 311.49017 310.7779 310.08475 309.4093 308.74994 308.1053 307.47412 306.855 306.24707 305.64886 305.05957 304.4782 303.90363 303.33508 302.7716 302.21228 301.6563 301.1028 300.55096 300.55096 
300.4908 300.4908 300.98236 301.4753 301.97034 302.46814 302.9695 303.4751 303.9858 304.50214 305.0251 305.55554 306.09424 306.642 307.1999 307.76886 308.3501 308.94434 309.55304 310.17755 310.81894 311.47882 312.15863 312.86047 313.58575 314.33685 315.11597 315.92566 316.7687 317.64838 318.5682 319.53247 320.5456 321.61334 322.74182 323.93857 325.2126 326.57428 328.03662 329.61578 331.3315 333.2093 335.2823 337.59436 340.20477 343.19037 346.63574 350.57642 354.86664 359.0055 362.1163 363.2803 362.09613 358.96503 354.806 350.49536 346.53424 343.06842 340.06213 337.43085 335.09778 333.00354 331.10425 329.3668 327.7657 326.28094 324.89658 323.59955 322.3794 321.22705 320.135 319.09717 318.10767 317.16202 316.25598 315.38605 314.5487 313.74142 312.96136 312.2063 311.47406 310.76297 310.07086 309.39648 308.7381 308.09436 307.4641 306.8459 306.23877 305.64136 305.05292 304.4723 303.8985 303.3307 302.76797 302.20938 301.65414 301.10138 300.55023 300.55023 
300.4895 300.4895 300.97974 301.4713 301.96503 302.4615 302.96146 303.4656 303.9749 304.48975 305.01123 305.54013 306.07718 306.6233 307.17944 307.74658 308.32587 308.91812 309.52466 310.14688 310.78586 311.4431 312.12018 312.81885 313.54086 314.28833 315.0634 315.8686 316.70667 317.58072 318.4942 319.4511 320.45587 321.51392 322.63098 323.81418 325.07196 326.41394 327.852 329.4007 331.0775 332.90454 334.90973 337.12827 339.6059 342.3971 345.55463 349.0813 352.82794 356.36627 358.9853 359.95667 358.96515 356.32593 352.76746 349.0005 345.45337 342.27548 339.46362 336.96527 334.72565 332.69934 330.85086 329.15234 327.58176 326.1214 324.75677 323.47607 322.26947 321.12866 320.0464 319.01703 318.0348 317.09564 316.1953 315.33035 314.4976 313.69443 312.9181 312.16644 311.43735 310.72913 310.03973 309.36786 308.71185 308.07034 307.4422 306.826 306.22076 305.62524 305.03857 304.45966 303.88757 303.32138 302.76025 302.20325 301.64957 301.09833 300.5487 300.5487 
300.4875 300.4875 300.97574 301.46533 301.95694 302.4514 302.94925 303.4513 303.9584 304.471 304.99017 305.51666 306.05127 306.5948 307.14822 307.71252 308.28882 308.87793 309.48108 310.09973 310.73483 311.38794 312.0605 312.75433 313.47098 314.2126 314.9811 315.7791 316.60913 317.47406 318.3772 319.32233 320.31354 321.35583 322.45447 323.61584 324.84753 326.15796 327.55734 329.05792 330.67383 332.4223 334.32397 336.4029 338.6872 341.20453 343.97147 346.9564 350.01355 352.8076 354.82605 355.5639 354.806 352.76736 349.9533 346.8759 343.8706 341.08337 338.5454 336.24048 334.14056 332.21783 330.44803 328.8105 327.2881 325.86652 324.5335 323.279 322.0943 320.972 319.90555 318.88983 317.91946 316.99072 316.0996 315.24283 314.41742 313.62085 312.8505 312.1043 311.3802 310.67664 309.99146 309.3236 308.67136 308.0333 307.40848 306.79544 306.19315 305.60052 305.0166 304.44037 303.87085 303.30713 302.74854 302.19385 301.64258 301.0937 300.5464 300.5464 
300.48486 300.48486 300.9704 301.45728 301.94623 302.43793 302.93295 303.4322 303.93634 304.44592 304.962 305.48532 306.01654 306.55658 307.10638 307.66687 308.23907 308.8239 309.42255 310.03625 310.66614 311.31363 311.98004 312.66724 313.3766 314.11017 314.86984 315.65802 316.47705 317.3296 318.2187 319.1479 320.12073 321.14178 322.21564 323.34784 324.54483 325.81348 327.16223 328.60022 330.13806 331.78748 333.5613 335.47235 337.53217 339.74524 342.09924 344.54022 346.9359 349.04047 350.51535 351.04428 350.49542 349.00043 346.87592 344.4601 341.99884 339.6246 337.39105 335.31073 333.37878 331.58392 329.91333 328.35394 326.89417 325.52344 324.23227 323.01263 321.85718 320.75974 319.7147 318.7174 317.76318 316.84857 315.96997 315.1243 314.3089 313.52127 312.7591 312.02032 311.30304 310.60577 309.92642 309.26392 308.61676 307.98346 307.3631 306.75433 306.15607 305.56732 304.98712 304.41446 303.8484 303.2881 302.73273 302.18134 301.63324 301.08746 300.54327 300.54327 
300.48157 300.48157 300.96378 301.44727 301.93286 302.42114 302.91266 303.40833 303.9088 304.41467 304.92688 305.4461 305.9732 306.5089 307.05414 307.6098 308.17694 308.7564 309.3493 309.9569 310.5802 311.22064 311.8794 312.5582 313.25842 313.982 314.7306 315.5065 316.31177 317.14893 318.0207 318.93008 319.88034 320.8753 321.91888 323.01563 324.1708 325.38956 326.67825 328.0432 329.4912 331.02875 332.6618 334.3936 336.22284 338.13815 340.11066 342.07843 343.93027 345.4931 346.55405 346.92633 346.53424 345.45334 343.8706 341.9988 340.01083 338.01825 336.08252 334.23285 332.4804 330.82645 329.26776 327.7984 326.4118 325.1012 323.86008 322.68237 321.56256 320.49548 319.47668 318.50214 317.5678 316.67078 315.80774 314.97592 314.17303 313.39658 312.64465 311.91516 311.20642 310.51703 309.84497 309.18927 308.54834 307.9211 307.30634 306.70288 306.10968 305.52582 304.95026 304.38208 303.8203 303.26428 302.713 302.16565 301.62152 301.07968 300.53937 300.53937 
300.4776 300.4776 300.95584 301.43536 301.91687 302.4011 302.8884 303.37982 303.87592 304.37732 304.88492 305.3993 305.92142 306.4519 306.9917 307.54156 308.10266 308.6757 309.26178 309.86206 310.47754 311.1095 311.75916 312.428 313.11743 313.8291 314.56458 315.326 316.11505 316.93408 317.78552 318.6718 319.59583 320.56058 321.5694 322.62567 323.73352 324.89633 326.1185 327.4037 328.7552 330.17523 331.664 333.2179 334.82733 336.47217 338.1174 339.70367 341.1427 342.31497 343.08813 343.35358 343.06848 342.27545 341.08344 339.6246 338.01825 336.35312 334.6879 333.0583 331.4839 329.9743 328.53333 327.16058 325.85388 324.61 323.42496 322.29477 321.21558 320.18347 319.19495 318.24692 317.33582 316.45932 315.6146 314.79913 314.01096 313.2478 312.508 311.78958 311.091 310.41095 309.74762 309.09998 308.46664 307.8465 307.23846 306.64136 306.05423 305.47617 304.90613 304.34332 303.7868 303.23575 302.68942 302.1469 301.60754 301.07037 300.53473 300.53473 
300.473 300.473 300.94666 301.4215 301.89832 302.3778 302.8603 303.3468 303.83777 304.33405 304.83618 305.3451 305.8614 306.38586 306.9193 307.46252 308.0166 308.58224 309.16046 309.75226 310.35867 310.981 311.6201 312.2776 312.9546 313.65265 314.3731 315.1181 315.8888 316.68738 317.51587 318.37628 319.27103 320.2023 321.1728 322.18494 323.24146 324.34442 325.49622 326.69833 327.9511 329.25354 330.60156 331.98727 333.3966 334.80603 336.18085 337.46948 338.6042 339.50275 340.0816 340.2763 340.0621 339.46353 338.5454 337.39105 336.0825 334.68793 333.2583 331.82895 330.42288 329.0542 327.73108 326.45715 325.23376 324.06036 322.93542 321.8567 320.82184 319.82825 318.8734 317.95486 317.06985 316.2165 315.39243 314.59558 313.82413 313.07614 312.35022 311.6444 310.95755 310.28827 309.63495 308.99664 308.372 307.76013 307.15985 306.57007 305.98996 305.4186 304.855 304.2984 303.74792 303.2027 302.6621 302.12515 301.59134 301.0596 300.5294 300.5294 
300.46777 300.46777 300.9362 301.40585 301.87732 302.35138 302.82843 303.3093 303.79456 304.28497 304.781 305.28363 305.79333 306.31097 306.8373 307.37305 307.9192 308.4765 309.04578 309.62814 310.22443 310.83582 311.4632 312.10794 312.77106 313.45404 314.15796 314.88464 315.63513 316.41125 317.2147 318.04694 318.91003 319.80536 320.73505 321.70044 322.70325 323.74423 324.82416 325.94272 327.09802 328.28668 329.502 330.73367 331.96594 333.1753 334.33023 335.38843 336.29877 337.00406 337.45023 337.5975 337.4309 336.9652 336.2405 335.31073 334.2328 333.0583 331.8289 330.57684 329.32495 328.08914 326.88004 325.70374 324.56412 323.46283 322.4 321.37518 320.38733 319.4348 318.51608 317.62946 316.77283 315.94476 315.14337 314.367 313.6141 312.88293 312.17242 311.48077 310.80695 310.14972 309.50763 308.8798 308.265 307.66235 307.07083 306.48938 305.91718 305.3534 304.79712 304.24753 303.70386 303.16522 302.6311 302.10052 301.57294 301.0474 300.5233 300.5233 
300.46194 300.46194 300.92456 301.38837 301.85394 302.3219 302.79294 303.26752 303.74646 304.23022 304.71954 305.21515 305.7176 306.2276 306.74612 307.2735 307.8109 308.35895 308.91843 309.49036 310.0755 310.67484 311.28937 311.92017 312.5682 313.23468 313.92065 314.62756 315.3563 316.10837 316.88495 317.68738 318.51703 319.37473 320.2619 321.17917 322.12714 323.10565 324.11407 325.15076 326.21222 327.29355 328.38663 329.4802 330.5584 331.59964 332.57672 333.4557 334.1982 334.76404 335.11688 335.23132 335.09772 334.7256 334.14056 333.37878 332.48032 331.48383 330.42282 329.32495 328.21143 327.09805 325.99646 324.91425 323.85672 322.8271 321.8271 320.85724 319.9178 319.00806 318.1272 317.27423 316.44775 315.64673 314.8697 314.11542 313.3825 312.6697 311.97595 311.29968 310.64014 309.99615 309.36633 308.7501 308.14618 307.5537 306.97186 306.3996 305.83624 305.28085 304.73264 304.19086 303.6548 303.12354 302.59662 302.07306 301.55243 301.0338 300.51648 300.51648 
300.45557 300.45557 300.9118 301.36914 301.8282 302.28955 302.75388 303.22168 303.69357 304.17007 304.65207 305.13995 305.63446 306.1362 306.64606 307.16443 307.6922 308.23016 308.77902 309.33957 309.91266 310.49902 311.09967 311.7155 312.34732 312.99615 313.66296 314.3489 315.05457 315.7813 316.52985 317.30115 318.09616 318.91522 319.7591 320.6277 321.52087 322.43762 323.37634 324.33432 325.3072 326.28906 327.27133 328.24268 329.18823 330.0888 330.92175 331.66003 332.27478 332.7373 333.02246 333.11334 333.00354 332.69928 332.21783 331.58398 330.82642 329.97437 329.0542 328.0892 327.09814 326.09583 325.09393 324.10056 323.12195 322.1623 321.2243 320.30948 319.41888 318.5528 317.71088 316.89282 316.09772 315.32507 314.57367 313.84277 313.13113 312.43787 311.7621 311.10236 310.45822 309.82846 309.21204 308.60825 308.01614 307.4348 306.86346 306.30127 305.7475 305.20123 304.66196 304.12866 303.60095 303.07776 302.55875 302.04294 301.52994 301.01886 300.50903 300.50903 
300.4486 300.4486 300.89792 301.3482 301.80023 302.2544 302.71143 303.17178 303.6361 304.10477 304.5788 305.05832 305.54425 306.03702 306.53754 307.04614 307.56366 308.09076 308.62817 309.1766 309.73676 310.3093 310.8952 311.4951 312.10977 312.74005 313.3867 314.05066 314.73236 315.4328 316.1524 316.89178 317.65155 318.43152 319.23187 320.0522 320.89142 321.7481 322.61993 323.50342 324.39374 325.2846 326.16748 327.03152 327.86334 328.64636 329.36182 329.9884 330.50418 330.8884 331.12292 331.19644 331.1043 330.85077 330.44803 329.91333 329.26773 328.5333 327.73102 326.88 325.9965 325.09384 324.18317 323.27264 322.36877 321.4763 320.59863 319.73804 318.89606 318.0737 317.27118 316.4887 315.72583 314.98245 314.25763 313.55106 312.8618 312.189 311.53217 310.89 310.26215 309.6476 309.0454 308.45505 307.8755 307.30615 306.7461 306.1947 305.6513 305.115 304.58527 304.06122 303.5425 303.02808 302.51767 302.01022 301.5055 301.00262 300.5009 300.5009 
300.44116 300.44116 300.88293 301.32568 301.7701 302.21655 302.6657 303.1181 303.57428 304.03455 304.49994 304.97058 305.44733 305.93048 306.42105 306.9192 307.42578 307.94138 308.46667 309.0022 309.54865 310.10666 310.677 311.26022 311.85696 312.46793 313.09363 313.7349 314.3919 315.06543 315.75558 316.46268 317.18695 317.92792 318.68524 319.45816 320.24503 321.044 321.85236 322.6661 323.48035 324.28864 325.08298 325.8532 326.58765 327.27206 327.89117 328.42804 328.8659 329.1894 329.3852 329.44547 329.36688 329.15228 328.8105 328.354 327.7984 327.16055 326.45718 325.7038 324.9143 324.10052 323.27267 322.43857 321.60468 320.776 319.95633 319.14835 318.35416 317.5751 316.8119 316.06528 315.33502 314.62146 313.92395 313.24237 312.57623 311.9247 311.28763 310.66388 310.05313 309.4546 308.86743 308.2912 307.72504 307.16833 306.6204 306.0805 305.54807 305.02243 304.50293 303.9888 303.47974 302.97467 302.47348 301.97507 301.4792 300.98517 300.49216 300.49216 
300.43317 300.43317 300.86694 301.30164 301.7379 302.17615 302.61694 303.0608 303.50824 303.95966 304.4158 304.87704 305.344 305.81702 306.297 306.78406 307.27914 307.7826 308.2951 308.81714 309.3493 309.89212 310.44623 311.01218 311.59033 312.18134 312.78558 313.40356 314.03546 314.6817 315.34216 316.01697 316.70593 317.4084 318.1236 318.85046 319.58698 320.33112 321.07968 321.8288 322.57333 323.3072 324.0229 324.7113 325.36224 325.96375 326.50317 326.96713 327.34268 327.61823 327.7838 327.8338 327.76575 327.58173 327.2881 326.89426 326.4118 325.85388 325.23376 324.56418 323.8568 323.12195 322.36884 321.60468 320.83582 320.06714 319.3027 318.54538 317.79755 317.06094 316.33667 315.6256 314.9281 314.24457 313.57474 312.91873 312.27618 311.64658 311.0299 310.4251 309.8322 309.2503 308.6789 308.11746 307.5653 307.02197 306.48676 305.95905 305.4383 304.9239 304.41522 303.91165 303.41278 302.91776 302.42633 301.93756 301.45117 300.96655 300.48285 300.48285 
300.42468 300.42468 300.84998 301.27612 301.70374 302.1333 302.56525 303.00006 303.4383 303.8803 304.32672 304.778 305.23462 305.69696 306.1658 306.6414 307.1243 307.61508 308.11426 308.62222 309.13953 309.6667 310.204 310.75214 311.31122 311.88187 312.46423 313.05865 313.66522 314.28406 314.91486 315.55762 316.2118 316.87653 317.55084 318.2334 318.92188 319.61426 320.30704 320.99643 321.6775 322.34445 322.99054 323.6075 324.1867 324.71802 325.191 325.59518 325.92014 326.15723 326.29877 326.34064 326.28094 326.12128 325.86646 325.52344 325.10117 324.60992 324.06036 323.46277 322.82712 322.1623 321.47635 320.776 320.0672 319.35455 318.64233 317.93332 317.23022 316.53485 315.84866 315.17273 314.50772 313.8542 313.21216 312.58197 311.96338 311.35614 310.76028 310.17505 309.60046 309.0358 308.48065 307.93463 307.39716 306.8677 306.34583 305.83084 305.3224 304.81976 304.32257 303.83008 303.342 302.85754 302.37646 301.8979 301.4215 300.94684 300.47302 300.47302 
300.41574 300.41574 300.8321 301.2492 301.66776 302.08813 302.51074 302.93604 303.36462 303.79672 304.23297 304.67377 305.1196 305.57077 306.028 306.49155 306.96185 307.4395 307.92487 308.41827 308.9203 309.43127 309.95142 310.48132 311.021 311.57098 312.13123 312.70193 313.28314 313.87463 314.47614 315.08728 315.7074 316.3355 316.9704 317.61053 318.2536 318.8973 319.53827 320.1728 320.79626 321.40314 321.9876 322.54214 323.05945 323.5311 323.9483 324.3028 324.58624 324.79196 324.91406 324.94946 324.89655 324.75668 324.5335 324.2323 323.86005 323.4249 322.93536 322.4 321.82706 321.22427 320.59863 319.9563 319.3027 318.6422 317.979 317.31586 316.65552 315.99994 315.35086 314.7093 314.0763 313.45255 312.83823 312.23395 311.63947 311.0548 310.4801 309.9148 309.35895 308.812 308.2736 307.74353 307.22113 306.70615 306.19812 305.69638 305.20074 304.71045 304.2252 303.74435 303.26764 302.7942 302.324 301.85614 301.39032 300.92606 300.4627 300.4627 
300.40637 300.40637 300.8133 301.221 301.63 302.04077 302.4536 302.86896 303.2874 303.7092 304.13477 304.5647 304.99933 305.43884 305.8841 306.33508 306.79242 307.25647 307.7276 308.20605 308.69244 309.18683 309.6895 310.20087 310.72098 311.25006 311.78815 312.33514 312.89108 313.45554 314.0282 314.60837 315.19543 315.78815 316.38522 316.98502 317.58527 318.1834 318.77643 319.36072 319.93192 320.48502 321.01474 321.51465 321.9784 322.39893 322.76892 323.08173 323.33075 323.51062 323.61682 323.64682 323.5996 323.476 323.279 323.01263 322.68234 322.29474 321.8567 321.37518 320.8573 320.3095 319.73804 319.14832 318.5454 317.93323 317.3159 316.696 316.07642 315.45908 314.84576 314.2377 313.63605 313.04163 312.45483 311.87628 311.30594 310.74408 310.19067 309.64557 309.10876 308.57983 308.0586 307.54486 307.038 306.5379 306.04413 305.55618 305.0738 304.5963 304.12347 303.6548 303.18982 302.72797 302.2691 301.81244 301.3577 300.90436 300.45187 300.45187 
300.3966 300.3966 300.7937 301.1916 301.59064 301.99133 302.39404 302.799 303.20694 303.61798 304.03253 304.45117 304.87415 305.30164 305.73444 306.17258 306.61652 307.0666 307.52316 307.9864 308.4568 308.93433 309.4193 309.91202 310.41235 310.9205 311.43646 311.9599 312.49078 313.0287 313.573 314.1231 314.67816 315.23688 315.79785 316.35944 316.91937 317.4752 318.02386 318.56216 319.08606 319.59082 320.07202 320.52393 320.94107 321.31757 321.6473 321.92487 322.145 322.30334 322.39624 322.42188 322.37943 322.2694 322.0943 321.85718 321.5625 321.2155 320.82184 320.38727 319.9178 319.41895 318.8961 318.35413 317.7976 317.2301 316.65558 316.0764 315.49542 314.91458 314.33566 313.76016 313.18903 312.62335 312.06366 311.51062 310.9643 310.42517 309.8932 309.36838 308.85083 308.34027 307.83643 307.33936 306.8484 306.3636 305.88452 305.41068 304.94196 304.47772 304.01776 303.56158 303.1089 302.65906 302.212 301.76694 301.32367 300.88174 300.4406 300.4406 
300.38644 300.38644 300.77338 301.16098 301.54974 301.94 302.33215 302.72638 303.12344 303.52332 303.92645 304.3335 304.7444 305.15955 305.5796 306.00446 306.43475 306.87054 307.31223 307.75998 308.21417 308.67462 309.14178 309.61572 310.09628 310.58356 311.07745 311.57764 312.08386 312.59576 313.11243 313.6334 314.15753 314.68372 315.21033 315.7359 316.258 316.77444 317.2823 317.7785 318.25946 318.7209 319.15887 319.56848 319.94492 320.28326 320.57843 320.82596 321.02155 321.16174 321.24353 321.26556 321.2271 321.12854 320.97192 320.75974 320.49548 320.1834 319.8283 319.4348 319.00806 318.5528 318.07367 317.57504 317.061 316.53473 316.0 315.45905 314.91458 314.36853 313.82263 313.2785 312.737 312.19943 311.6663 311.1384 310.6159 310.09933 309.5888 309.08435 308.58624 308.09412 307.60797 307.12775 306.653 306.1838 305.71973 305.2604 304.80566 304.3551 303.9084 303.46515 303.02512 302.58768 302.15283 301.7198 301.28845 300.85828 300.42892 300.42892 
300.37595 300.37595 300.75226 301.12933 301.5074 301.8869 302.26807 302.6513 303.03705 303.42548 303.81696 304.2119 304.61047 305.01297 305.41992 305.8313 306.24762 306.66888 307.09552 307.52753 307.9653 308.40863 308.85788 309.31302 309.7738 310.24042 310.71246 311.1897 311.67175 312.15817 312.648 313.14084 313.63538 314.13037 314.62445 315.11603 315.60278 316.08264 316.55283 317.01056 317.45258 317.8751 318.27448 318.64664 318.98737 319.29242 319.55774 319.77942 319.95407 320.0788 320.15115 320.17014 320.13513 320.04642 319.90558 319.71472 319.47675 319.19495 318.87347 318.51608 318.1272 317.71088 317.2712 316.8119 316.33676 315.84857 315.35086 314.8457 314.3357 313.8227 313.30835 312.79437 312.28156 311.7713 311.26413 310.76093 310.26193 309.7678 309.27856 308.7945 308.31577 307.84222 307.3739 306.91077 306.45248 305.99908 305.5503 305.10577 304.66537 304.2288 303.79565 303.3657 302.93866 302.51404 302.09174 301.67114 301.25208 300.83408 300.41684 300.41684 
300.3651 300.3651 300.73053 301.09662 301.46375 301.8321 302.2021 302.5739 302.94806 303.3247 303.70416 304.0868 304.47275 304.8623 305.25592 305.6535 306.05563 306.46222 306.87354 307.2897 307.711 308.1371 308.5684 309.00482 309.44598 309.89203 310.3426 310.79727 311.25568 311.71735 312.1812 312.6469 313.11304 313.57837 314.04166 314.50122 314.9549 315.40082 315.8363 316.25882 316.66553 317.05286 317.41772 317.75665 318.06586 318.3418 318.58105 318.7804 318.937 319.04846 319.11276 319.1292 319.09714 319.0169 318.8897 318.71732 318.5021 318.24677 317.95483 317.62933 317.27417 316.89276 316.4887 316.06512 315.62567 315.17264 314.70935 314.23767 313.76013 313.27844 312.79425 312.30914 311.82404 311.34027 310.85846 310.3794 309.90356 309.43152 308.96344 308.49963 308.04028 307.5854 307.13495 306.689 306.24738 305.80997 305.37674 304.9472 304.52148 304.09912 303.6799 303.26355 302.8498 302.43835 302.02893 301.6211 301.21466 300.80914 300.40442 300.40442 
300.3539 300.3539 300.7082 301.06305 301.41885 301.77576 302.13428 302.4944 302.85666 303.22125 303.58838 303.95844 304.33154 304.7079 305.08795 305.4716 305.85928 306.25104 306.64694 307.04712 307.4519 307.86078 308.27417 308.69196 309.1137 309.53943 309.96887 310.40146 310.8368 311.2744 311.71326 312.1528 312.59174 313.02893 313.46304 313.89255 314.3153 314.72977 315.1332 315.5235 315.898 316.2536 316.58752 316.89673 317.178 317.42828 317.6447 317.82462 317.9655 318.06555 318.1229 318.13715 318.1077 318.0348 317.9195 317.76318 317.56787 317.33582 317.06995 316.7728 316.4478 316.09772 315.7259 315.335 314.9282 314.50766 314.07635 313.63605 313.1891 312.737 312.28156 311.8241 311.3657 310.90756 310.45038 309.99493 309.5418 309.09146 308.64435 308.20065 307.76062 307.32428 306.89175 306.4631 306.0382 305.617 305.19946 304.78516 304.37433 303.9664 303.5614 303.1589 302.7588 302.36072 301.96454 301.56976 301.17627 300.78357 300.39166 300.39166 
300.34247 300.34247 300.6853 301.0286 301.3728 301.71805 302.06473 302.4129 302.76303 303.11536 303.46988 303.82715 304.18716 304.5501 304.91644 305.28595 305.65906 306.03583 306.41632 306.80048 307.18863 307.58038 307.97595 308.37527 308.77777 309.18353 309.59222 310.00323 310.41614 310.83044 311.2451 311.65955 312.07254 312.48297 312.8895 313.29074 313.6847 314.06982 314.44376 314.80444 315.1497 315.4764 315.78253 316.06512 316.3215 316.5491 316.74542 316.9082 317.03537 317.1255 317.17682 317.1892 317.16205 317.09558 316.9907 316.8485 316.67078 316.45926 316.21655 315.9447 315.64673 315.325 314.98242 314.62134 314.24457 313.85403 313.45258 313.04156 312.62338 312.1994 311.77124 311.34027 310.90753 310.47412 310.04083 309.60846 309.17755 308.74857 308.3221 307.8983 307.4774 307.05957 306.64496 306.23364 305.8256 305.42065 305.01895 304.62006 304.22433 303.831 303.44046 303.05206 302.66577 302.28143 301.89868 301.51727 301.137 300.75748 300.37854 300.37854 
300.33075 300.33075 300.66187 300.99338 301.32568 301.65906 301.99365 302.32962 302.66742 303.00714 303.34894 303.69318 304.03992 304.38934 304.74173 305.09692 305.4554 305.81714 306.18207 306.55023 306.92184 307.2965 307.67444 308.05542 308.43896 308.82513 309.21344 309.60342 309.9945 310.38623 310.7776 311.16797 311.55624 311.94122 312.32172 312.6964 313.06342 313.42133 313.76794 314.10153 314.41986 314.7205 315.0014 315.26013 315.4942 315.7016 315.88013 316.02777 316.14288 316.22424 316.2704 316.2811 316.25604 316.19525 316.09955 315.96994 315.80768 315.6145 315.39246 315.14334 314.8697 314.57367 314.2577 313.92395 313.5748 313.2121 312.83832 312.45483 312.06372 311.66632 311.26416 310.85846 310.45038 310.0409 309.63068 309.2208 308.81155 308.40356 307.99738 307.59326 307.1913 306.79193 306.39517 306.00116 305.60992 305.22137 304.83557 304.45227 304.07172 303.69327 303.3173 302.94324 302.57104 302.20056 301.83154 301.46375 301.09692 300.73083 300.36523 300.36523 
300.31882 300.31882 300.63794 300.95746 301.2777 301.59888 301.9212 302.24475 302.57 302.89694 303.22583 303.55682 303.89014 304.22583 304.5642 304.90503 305.24878 305.59537 305.94476 306.29694 306.65204 307.00977 307.37015 307.73306 308.098 308.4649 308.83325 309.20276 309.57275 309.94257 310.31152 310.67886 311.04355 311.4043 311.76025 312.11 312.45175 312.78436 313.10565 313.4143 313.708 313.9848 314.24286 314.48004 314.6941 314.88342 315.04608 315.1803 315.28467 315.35837 315.3999 315.40924 315.386 315.3303 315.2428 315.1243 314.9759 314.79913 314.59558 314.36697 314.11536 313.8427 313.55103 313.24237 312.91876 312.58185 312.2339 311.87622 311.51056 311.13837 310.76086 310.3794 309.99493 309.6085 309.22073 308.8326 308.44452 308.05713 307.6709 307.28613 306.90295 306.52185 306.14288 305.7661 305.39166 305.0196 304.64972 304.2821 303.91684 303.55347 303.1922 302.83264 302.47476 302.11835 301.76328 301.4093 301.05618 300.7037 300.3517 300.3517 
300.30667 300.30667 300.6136 300.92087 301.22885 301.5376 301.84747 302.15845 302.4709 302.7849 303.10065 303.41833 303.73807 304.05988 304.38416 304.71057 305.0395 305.37097 305.70477 306.04102 306.3798 306.7206 307.06372 307.4088 307.75537 308.10345 308.4523 308.80188 309.15137 309.5001 309.84747 310.19275 310.53485 310.8727 311.20544 311.53162 311.8498 312.1588 312.45667 312.7422 313.01334 313.2683 313.5056 313.7232 313.91928 314.09232 314.24078 314.363 314.4579 314.5247 314.5622 314.57028 314.54877 314.4976 314.41742 314.3089 314.17297 314.0109 313.8241 313.614 313.38245 313.1311 312.86176 312.57617 312.27618 311.96326 311.6394 311.3059 310.96432 310.6159 310.26196 309.9036 309.54184 309.17755 308.81155 308.44452 308.07715 307.70984 307.3432 306.97745 306.6129 306.24988 305.88855 305.529 305.17133 304.8156 304.46182 304.10995 303.76 303.41183 303.06537 302.72052 302.37708 302.0349 301.694 301.354 301.01483 300.67615 300.33795 300.33795 
300.2943 300.2943 300.58887 300.88367 301.1792 301.4754 301.77258 302.0708 302.37033 302.67126 302.97375 303.27795 303.58398 303.89188 304.2019 304.51385 304.82794 305.14426 305.46262 305.78296 306.10547 306.4296 306.7556 307.0831 307.4117 307.74127 308.07117 308.4013 308.7309 309.05933 309.38593 309.71002 310.03064 310.34674 310.65747 310.9615 311.25757 311.5445 311.8206 312.08472 312.33514 312.57007 312.7884 312.98816 313.1679 313.32626 313.4619 313.57336 313.6598 313.72046 313.75433 313.76135 313.7414 313.69434 313.6208 313.52124 313.39655 313.2478 313.07617 312.883 312.66968 312.43787 312.18906 311.92474 311.6467 311.35614 311.05487 310.74402 310.42517 310.09933 309.7678 309.4315 309.09155 308.74863 308.40363 308.05713 307.7099 307.3622 307.01477 306.6678 306.3216 305.9764 305.63263 305.2901 304.9492 304.6099 304.27216 303.93604 303.60156 303.26862 302.93713 302.6071 302.2782 301.9505 301.6238 301.29803 300.9729 300.64825 300.32397 300.32397 
300.28174 300.28174 300.56375 300.84595 301.12885 301.41235 301.69666 301.98196 302.26843 302.55615 302.84528 303.13586 303.42816 303.722 304.0178 304.3152 304.61447 304.91565 305.21857 305.52313 305.82953 306.1371 306.4463 306.75644 307.0674 307.37885 307.6903 308.00153 308.31183 308.62067 308.92725 309.2311 309.5312 309.8266 310.11646 310.3996 310.67487 310.9412 311.19702 311.44128 311.6725 311.88904 312.08994 312.27344 312.43835 312.58337 312.7074 312.8092 312.88794 312.9431 312.9738 312.97992 312.96136 312.91797 312.85046 312.7591 312.6446 312.50793 312.35016 312.17236 311.9758 311.762 311.5321 311.28754 311.02985 310.7602 310.48007 310.1906 309.8932 309.5888 309.2786 308.96344 308.64438 308.32208 307.99738 307.67087 307.3432 307.0147 306.6861 306.35754 306.02942 305.70193 305.37543 305.05 304.72562 304.4027 304.081 303.76068 303.4417 303.12402 302.80762 302.49246 302.17822 301.86514 301.5529 301.2414 300.9305 300.62 300.30988 300.30988 
300.26904 300.26904 300.53833 300.8078 301.07788 301.3485 301.6198 301.8921 302.16537 302.43976 302.7154 302.9923 303.27075 303.55048 303.832 304.11487 304.39935 304.68542 304.97296 305.2619 305.55228 305.84354 306.13605 306.42923 306.72284 307.0166 307.31003 307.60284 307.89456 308.1844 308.47177 308.75616 309.03662 309.31232 309.58246 309.84583 310.1016 310.34857 310.58545 310.81125 311.02463 311.22424 311.40906 311.5777 311.729 311.86188 311.97534 312.0684 312.1402 312.1904 312.21826 312.22354 312.2063 312.16635 312.10428 312.02032 311.91516 311.78952 311.6445 311.48074 311.29968 311.10248 310.89008 310.6639 310.42517 310.17505 309.91486 309.64557 309.36847 309.0844 308.79456 308.49966 308.20068 307.89825 307.5932 307.28607 306.97742 306.66772 306.35754 306.04712 305.73676 305.42676 305.11737 304.80884 304.50098 304.19437 303.8886 303.58414 303.28064 302.97833 302.67703 302.37683 302.07742 301.779 301.48126 301.18414 300.8877 300.5915 300.29565 300.29565 
300.2562 300.2562 300.51263 300.76923 301.02634 301.284 301.5422 301.80133 302.06128 302.3222 302.58432 302.84747 303.11203 303.37762 303.64484 303.91315 304.18286 304.45392 304.72617 304.9996 305.27405 305.54922 305.82535 306.1018 306.37836 306.65482 306.93073 307.20563 307.47928 307.7508 308.01965 308.2854 308.54712 308.804 309.05542 309.3001 309.5374 309.76624 309.9854 310.19397 310.3908 310.5747 310.7447 310.8996 311.03845 311.16016 311.26404 311.3491 311.4146 311.46033 311.48553 311.49017 311.47415 311.43735 311.38025 311.3031 311.2065 311.091 310.9576 310.80695 310.64017 310.45825 310.26215 310.05316 309.83212 309.6004 309.35895 309.10876 308.8508 308.5862 308.3158 308.04025 307.7606 307.4774 307.19128 306.90298 306.6129 306.32153 306.02942 305.73676 305.4439 305.15118 304.85876 304.5669 304.2755 303.98508 303.6953 303.40662 303.11862 302.8317 302.54553 302.26038 301.97583 301.69214 301.40906 301.12653 300.8445 300.56274 300.28128 300.28128 
300.24323 300.24323 300.48666 300.7303 300.9743 301.21884 301.46387 301.70972 301.95624 302.20367 302.45215 302.70154 302.95212 303.20355 303.45648 303.71027 303.96524 304.22134 304.4784 304.7364 304.99518 305.25443 305.5144 305.7744 306.03427 306.29382 306.55258 306.81018 307.06622 307.32 307.5711 307.8189 308.06265 308.3016 308.53516 308.7622 308.98206 309.19376 309.3963 309.58878 309.77014 309.9394 310.0957 310.2379 310.36523 310.4768 310.57178 310.64954 310.7093 310.75095 310.7738 310.77786 310.76294 310.72906 310.67657 310.60568 310.51697 310.41083 310.28824 310.1496 309.9961 309.82846 309.64752 309.45453 309.25024 309.03574 308.81195 308.57983 308.3402 308.09412 307.84222 307.58536 307.32428 307.05957 306.79193 306.52188 306.24988 305.97644 305.702 305.42676 305.1512 304.87543 304.59982 304.3245 304.04944 303.77512 303.50128 303.22827 302.9558 302.68427 302.4133 302.14316 301.8736 301.60468 301.33636 301.06845 300.80103 300.53378 300.2668 300.2668 
300.23016 300.23016 300.46045 300.691 300.92184 301.15317 301.3849 301.61737 301.8504 302.08435 302.31903 302.55463 302.7912 303.0285 303.2671 303.5064 303.7467 303.98795 304.2299 304.47263 304.71588 304.9594 305.20346 305.4473 305.69083 305.9338 306.1759 306.41656 306.65555 306.89227 307.12616 307.35666 307.5832 307.80505 308.0215 308.2318 308.43518 308.63068 308.81757 308.99493 309.16187 309.31744 309.461 309.59143 309.7081 309.8102 309.89706 309.96808 310.02258 310.06055 310.08124 310.08478 310.0709 310.03976 309.99152 309.92645 309.84503 309.74756 309.635 309.5076 309.3664 309.2121 309.04544 308.86746 308.67886 308.48065 308.27362 308.0586 307.83646 307.60797 307.3739 307.13495 306.89178 306.645 306.3952 306.1429 305.8885 305.63257 305.37543 305.11743 304.85876 304.5998 304.34076 304.08185 303.823 303.56467 303.3067 303.04935 302.79236 302.5362 302.28046 302.0254 301.7708 301.51672 301.26328 301.01 300.75726 300.50464 300.25226 300.25226 
300.217 300.217 300.4341 300.65143 300.86902 301.087 301.3054 301.5244 301.74396 301.96423 302.18518 302.40686 302.62946 302.8526 303.0769 303.30182 303.52744 303.7539 303.98087 304.20844 304.43634 304.66437 304.89273 305.12064 305.34818 305.57495 305.80072 306.02493 306.24738 306.46753 306.68475 306.89868 307.1087 307.3141 307.51428 307.70862 307.8963 308.07657 308.24863 308.41177 308.5652 308.70795 308.83963 308.95905 309.06583 309.15918 309.2385 309.3033 309.35297 309.3875 309.40625 309.4093 309.39645 309.36786 309.3236 309.26392 309.18927 309.0999 308.9967 308.87973 308.75012 308.60828 308.45505 308.2912 308.11743 307.93463 307.74347 307.5448 307.3393 307.12766 306.9107 306.68896 306.4631 306.23367 306.00113 305.76617 305.52893 305.2901 305.05 304.80884 304.56683 304.3244 304.08182 303.83908 303.59634 303.3539 303.1117 302.87 302.62845 302.38766 302.1471 301.9072 301.66754 301.42847 301.1898 300.95132 300.71332 300.47534 300.23764 300.23764 
300.20374 300.20374 300.4076 300.61157 300.81586 301.02042 301.2254 301.4309 301.6369 301.84344 302.05063 302.25842 302.46704 302.67603 302.88608 303.09656 303.30762 303.51935 303.73148 303.94403 304.15677 304.36945 304.58234 304.79465 305.00647 305.21735 305.4272 305.63538 305.84174 306.04584 306.24695 306.4449 306.63898 306.8286 307.0133 307.19232 307.3651 307.53088 307.6889 307.83865 307.9793 308.11005 308.23056 308.33972 308.43726 308.52246 308.5948 308.6538 308.699 308.73038 308.7473 308.74994 308.7381 308.71185 308.67133 308.6167 308.5484 308.4666 308.37216 308.26498 308.14618 308.01617 307.87555 307.72504 307.56537 307.39716 307.22113 307.03802 306.84845 306.653 306.4525 306.24738 306.0382 305.8256 305.60986 305.39172 305.17133 304.94916 304.7257 304.50113 304.2755 304.04947 303.82306 303.59644 303.36963 303.14294 302.9165 302.69028 302.46423 302.2387 302.0134 301.7886 301.564 301.33984 301.11606 300.8924 300.66913 300.44592 300.22293 300.22293 
300.19043 300.19043 300.38086 300.57153 300.7624 300.9535 301.14502 301.3369 301.5293 301.72214 301.91553 302.10938 302.30402 302.49887 302.6947 302.8908 303.08743 303.2845 303.4819 303.67957 303.87726 304.0749 304.27246 304.46942 304.66577 304.86115 305.05536 305.24796 305.43866 305.62714 305.81268 305.99512 306.17392 306.3484 306.5182 306.68256 306.84113 306.9931 307.13782 307.27487 307.40344 307.52283 307.63287 307.73242 307.82126 307.8988 307.96466 308.01828 308.05933 308.08777 308.10306 308.10535 308.0944 308.0704 308.0334 307.98346 307.92117 307.8465 307.76022 307.66235 307.55374 307.4348 307.30615 307.16833 307.02197 306.86774 306.70615 306.53793 306.36365 306.18378 305.99915 305.81 305.617 305.42072 305.2213 305.0196 304.8156 304.6098 304.40268 304.1944 303.98502 303.77505 303.5647 303.35397 303.14297 302.93195 302.72116 302.5104 302.29974 302.08954 301.8794 301.66974 301.46014 301.251 301.04205 300.8333 300.62482 300.41644 300.2082 300.2082 
300.177 300.177 300.35406 300.53128 300.70868 300.8863 301.0643 301.24255 301.42126 301.6004 301.77997 301.95987 302.14056 302.3213 302.50293 302.6847 302.86694 303.04944 303.2322 303.41516 303.59796 303.78064 303.9632 304.14502 304.32617 304.50635 304.6853 304.86264 305.03806 305.21136 305.38184 305.54926 305.71326 305.87317 306.0286 306.17896 306.3239 306.46274 306.59473 306.71973 306.83685 306.94556 307.04565 307.13614 307.2168 307.28723 307.34692 307.39554 307.43268 307.45837 307.47217 307.47415 307.46408 307.4422 307.40845 307.36304 307.3064 307.2384 307.1599 307.07077 306.97186 306.8635 306.74615 306.62036 306.48676 306.34583 306.1981 306.0441 305.88452 305.71967 305.55035 305.3767 305.1994 305.01895 304.83545 304.64978 304.4618 304.2721 304.081 303.8887 303.69537 303.50125 303.30676 303.11176 302.9165 302.72107 302.52576 302.33044 302.13513 301.9402 301.74518 301.55066 301.3561 301.16193 300.96793 300.77405 300.5804 300.38684 300.19342 300.19342 
300.1635 300.1635 300.32715 300.49084 300.6548 300.81885 300.98328 301.14786 301.31287 301.47827 301.64398 301.81 301.97668 302.14337 302.31082 302.47833 302.6462 302.8143 302.98254 303.15082 303.31903 303.48688 303.65454 303.82153 303.98773 304.15298 304.317 304.47937 304.63992 304.79843 304.95422 305.10712 305.25677 305.4026 305.54422 305.68112 305.813 305.9392 306.0591 306.17255 306.2788 306.37738 306.46802 306.5499 306.62292 306.68658 306.74048 306.78436 306.8179 306.841 306.8534 306.8551 306.8459 306.82605 306.7954 306.75427 306.70294 306.6413 306.57013 306.48938 306.39963 306.3013 306.19476 306.0805 305.95908 305.83087 305.69644 305.55618 305.41074 305.26038 305.1059 304.94727 304.78522 304.6202 304.45227 304.2822 304.11 303.93604 303.76068 303.58417 303.40652 303.22818 303.04932 302.86993 302.69028 302.5103 302.33044 302.15045 301.97046 301.7907 301.6108 301.43143 301.2519 301.0727 300.89362 300.7147 300.5359 300.35718 300.1786 300.1786 
300.15002 300.15002 300.3001 300.45032 300.60068 300.75113 300.90198 301.05292 301.20422 301.3558 301.5077 301.65982 301.8125 301.9652 302.11847 302.2718 302.42538 302.57916 302.73294 302.88678 303.04037 303.19363 303.34668 303.49896 303.65048 303.80106 303.95038 304.09814 304.24417 304.38824 304.52972 304.66852 304.8042 304.93646 305.06476 305.18866 305.30792 305.42203 305.53033 305.63275 305.72858 305.8175 305.89914 305.97287 306.03864 306.09583 306.1443 306.18375 306.2138 306.23456 306.24557 306.24707 306.2387 306.22076 306.19315 306.15607 306.1098 306.05414 305.99005 305.9172 305.83624 305.7475 305.65125 305.5481 305.43832 305.3224 305.20074 305.07373 304.94196 304.8056 304.6655 304.52148 304.3743 304.2243 304.07162 303.91684 303.76 303.60156 303.4417 303.28076 303.11865 302.9558 302.79245 302.62854 302.4643 302.29974 302.13522 301.97052 301.80573 301.64117 301.4764 301.31207 301.14758 300.98337 300.81924 300.6552 300.49133 300.32745 300.16376 300.16376 
300.13654 300.13654 300.27298 300.40967 300.5464 300.6833 300.82043 300.9577 301.09534 301.2331 301.37112 301.5094 301.64813 301.7868 301.92593 302.0652 302.20453 302.34402 302.48352 302.62296 302.76215 302.90094 303.03952 303.1773 303.31436 303.4505 303.58542 303.71884 303.85065 303.9806 304.10812 304.23322 304.35535 304.47437 304.58978 304.7011 304.80823 304.91068 305.0078 305.0996 305.18552 305.26514 305.33826 305.40417 305.46298 305.51407 305.55737 305.5926 305.6194 305.63785 305.64764 305.64893 305.64136 305.6253 305.60056 305.56732 305.52588 305.476 305.41864 305.3534 305.28088 305.2013 305.115 305.02246 304.9239 304.81976 304.7105 304.5963 304.47775 304.35504 304.22888 304.09912 303.96643 303.83112 303.69333 303.55353 303.41187 303.26862 303.12402 302.97842 302.83163 302.68417 302.53616 302.38763 302.2387 302.08945 301.94012 301.7907 301.64105 301.49164 301.34198 301.1927 301.0432 300.89398 300.7448 300.5957 300.44672 300.29773 300.1489 300.1489 
300.1229 300.1229 300.24585 300.36893 300.49203 300.6153 300.7388 300.86234 300.9862 301.1102 301.23438 301.35883 301.48355 301.60828 301.73334 301.8585 301.9837 302.10898 302.23428 302.3594 302.4843 302.60883 302.7331 302.8565 302.97937 303.10126 303.222 303.34137 303.45923 303.57532 303.6892 303.80096 303.9099 304.016 304.11887 304.2181 304.31342 304.4046 304.49097 304.57254 304.64893 304.71954 304.7845 304.84296 304.89508 304.94037 304.97873 305.0099 305.03363 305.04993 305.05856 305.05966 305.0529 305.03857 305.0166 304.98712 304.95032 304.906 304.85507 304.79712 304.73267 304.66196 304.5852 304.50293 304.41522 304.32257 304.22522 304.12347 304.01776 303.90836 303.79575 303.67987 303.5614 303.44043 303.31726 303.1922 303.06543 302.93713 302.80762 302.67712 302.54553 302.4133 302.28046 302.1472 302.01346 301.8794 301.74524 301.61096 301.47644 301.34216 301.20752 301.0733 300.93878 300.80457 300.67032 300.53613 300.40207 300.26794 300.134 300.134 
300.10928 300.10928 300.21863 300.32813 300.43756 300.54718 300.65698 300.7668 300.87692 300.98712 301.09747 301.20807 301.3189 301.42966 301.54068 301.6518 301.76294 301.8741 301.98523 302.09625 302.2069 302.3173 302.42734 302.53668 302.64545 302.75323 302.86008 302.96558 303.06976 303.17224 303.27283 303.37146 303.46753 303.56104 303.65173 303.73907 303.82303 303.90326 303.97916 304.05093 304.118 304.18005 304.23706 304.28836 304.33408 304.37384 304.4074 304.43475 304.45544 304.46982 304.4773 304.4782 304.47226 304.45966 304.44034 304.41443 304.3821 304.3432 304.29846 304.24753 304.1909 304.12875 304.06122 303.9889 303.91168 303.83014 303.74442 303.6548 303.5616 303.46512 303.36578 303.26355 303.15897 303.05206 302.94324 302.83264 302.72058 302.607 302.49243 302.37683 302.26028 302.14313 302.02536 301.9072 301.78857 301.66965 301.5506 301.43137 301.31198 301.19272 301.07312 300.9539 300.83438 300.7151 300.5958 300.47653 300.35736 300.23816 300.11914 300.11914 
300.09564 300.09564 300.1914 300.2872 300.383 300.47894 300.57507 300.67114 300.76752 300.8639 300.96045 301.0572 301.15408 301.25098 301.348 301.44513 301.54224 301.63934 301.7364 301.83334 301.92993 302.02628 302.12225 302.21765 302.31244 302.40637 302.49948 302.5913 302.68207 302.77118 302.8587 302.9444 303.02795 303.10913 303.18793 303.26373 303.33655 303.40613 303.47192 303.53412 303.59222 303.64594 303.6953 303.73965 303.77917 303.8136 303.8426 303.8662 303.8841 303.89648 303.90295 303.9037 303.8985 303.88757 303.87082 303.84845 303.82037 303.78674 303.74792 303.70386 303.6548 303.60095 303.5424 303.47974 303.41278 303.34198 303.26764 303.18976 303.1089 303.0251 302.93872 302.8498 302.75885 302.66583 302.57104 302.4748 302.37714 302.2782 302.17828 302.0775 301.97583 301.8736 301.7708 301.6677 301.56403 301.4602 301.35614 301.25195 301.14764 301.04333 300.93878 300.8345 300.72998 300.62564 300.5213 300.41696 300.31262 300.20837 300.10425 300.10425 
300.08203 300.08203 300.16412 300.24628 300.32837 300.41058 300.4931 300.57538 300.65802 300.7406 300.82333 300.90625 300.98926 301.07224 301.15533 301.23853 301.32166 301.4048 301.4878 301.5708 301.65338 301.73578 301.81784 301.89935 301.98035 302.06055 302.14005 302.21844 302.2959 302.37192 302.44653 302.51956 302.59082 302.6599 302.72705 302.7915 302.85352 302.91266 302.96863 303.02148 303.07086 303.11652 303.1584 303.19604 303.2296 303.25882 303.2834 303.30344 303.31857 303.3291 303.33453 303.33508 303.3307 303.3214 303.30716 303.28812 303.26434 303.23572 303.20276 303.16534 303.1236 303.07788 303.02808 302.9748 302.91785 302.8576 302.79437 302.72803 302.65918 302.58774 302.51413 302.43835 302.3608 302.28143 302.20056 302.1184 302.03503 301.9505 301.86517 301.77902 301.69214 301.6047 301.51678 301.4286 301.33984 301.25098 301.16193 301.0727 300.98337 300.89404 300.8045 300.71515 300.6256 300.5362 300.44678 300.35736 300.26797 300.1786 300.08936 300.08936 
300.0684 300.0684 300.13678 300.20532 300.27368 300.34222 300.411 300.47955 300.54843 300.61725 300.68616 300.75525 300.8244 300.8935 300.9627 301.03198 301.1012 301.17035 301.23944 301.30847 301.37723 301.44574 301.51395 301.58176 301.64905 301.71564 301.7817 301.8468 301.91113 301.97418 302.03607 302.09668 302.15573 302.213 302.26868 302.32208 302.3734 302.42236 302.46875 302.51245 302.55328 302.59103 302.62564 302.6568 302.68454 302.70868 302.72894 302.74548 302.758 302.76666 302.77115 302.7716 302.7679 302.76028 302.74844 302.7327 302.71304 302.68936 302.6621 302.63116 302.59662 302.55878 302.51758 302.47345 302.42633 302.3764 302.32404 302.26904 302.21204 302.1528 302.09174 302.02887 301.96457 301.89865 301.83154 301.7633 301.69403 301.6238 301.55292 301.48126 301.40906 301.33636 301.26318 301.18982 301.11603 301.04202 300.9679 300.89362 300.81927 300.74487 300.6703 300.5959 300.52124 300.44672 300.37228 300.2978 300.22327 300.14883 300.07443 300.07443 
300.05475 300.05475 300.10944 300.16428 300.219 300.27383 300.32886 300.38367 300.4388 300.49384 300.54898 300.6042 300.65955 300.71472 300.7701 300.82547 300.8808 300.93604 300.99127 301.04645 301.10138 301.15607 301.2105 301.2647 301.3184 301.37152 301.42426 301.47614 301.52747 301.57776 301.6271 301.67535 301.72247 301.76807 301.81238 301.8549 301.89575 301.93475 301.97162 302.00635 302.03888 302.06885 302.09637 302.12115 302.14316 302.16232 302.17844 302.1916 302.20148 302.20837 302.21194 302.21228 302.20935 302.20325 302.19385 302.18134 302.1657 302.14685 302.12524 302.1006 302.07312 302.04303 302.0102 301.97516 301.93762 301.89792 301.8562 301.8124 301.76703 301.71982 301.67117 301.6211 301.56982 301.5172 301.46375 301.4093 301.354 301.29803 301.24136 301.1842 301.12653 301.06848 301.01004 300.95142 300.89246 300.83334 300.77405 300.71466 300.65527 300.59576 300.5361 300.47662 300.41693 300.35733 300.2978 300.23822 300.17856 300.11908 300.0595 300.0595 
300.04105 300.04105 300.0821 300.12323 300.16425 300.20538 300.24667 300.28775 300.32916 300.3704 300.41174 300.45313 300.49466 300.536 300.57758 300.61902 300.66052 300.70193 300.7433 300.7846 300.82578 300.86676 300.90753 300.94812 300.98828 301.02808 301.06757 301.10638 301.14474 301.18237 301.2193 301.25537 301.2906 301.32468 301.3578 301.38953 301.4201 301.44922 301.47678 301.50272 301.52692 301.54932 301.5699 301.58838 301.6048 301.61908 301.63104 301.64093 301.64825 301.65338 301.65607 301.6563 301.65414 301.64957 301.64252 301.6332 301.62155 301.60742 301.5913 301.57294 301.55243 301.52994 301.50543 301.47925 301.45123 301.42157 301.39038 301.35767 301.32373 301.28845 301.25208 301.2146 301.17627 301.13693 301.09692 301.05618 301.01483 300.9729 300.93048 300.8877 300.8445 300.80096 300.7572 300.71332 300.66913 300.62482 300.58038 300.5359 300.49136 300.44672 300.40198 300.35742 300.31268 300.26797 300.22333 300.17862 300.1339 300.0893 300.04462 300.04462 
300.02734 300.02734 300.05475 300.08215 300.1095 300.13693 300.16446 300.19183 300.21945 300.24695 300.27448 300.30206 300.32977 300.3573 300.385 300.41263 300.44025 300.4679 300.49542 300.52295 300.55035 300.5777 300.60486 300.63187 300.6586 300.68512 300.71136 300.73724 300.76276 300.78778 300.81235 300.83636 300.8598 300.88248 300.90448 300.9256 300.94592 300.96527 300.98358 301.0008 301.0169 301.0318 301.0454 301.05774 301.0686 301.07813 301.08606 301.09262 301.09747 301.1009 301.10266 301.10284 301.10138 301.09833 301.0937 301.08746 301.07974 301.0703 301.05966 301.04742 301.03378 301.01886 301.00256 300.98517 300.96655 300.9468 300.9261 300.90433 300.88174 300.85828 300.8341 300.80914 300.78366 300.75748 300.73083 300.70374 300.6762 300.64832 300.62006 300.59155 300.5628 300.5338 300.50464 300.4754 300.44598 300.41644 300.38684 300.35718 300.3275 300.2978 300.26794 300.23825 300.20844 300.17865 300.14883 300.11908 300.08923 300.05954 300.02972 300.02972 
300.01367 300.01367 300.02737 300.04108 300.05475 300.06848 300.08224 300.0959 300.10974 300.12347 300.13727 300.15103 300.1649 300.17865 300.1925 300.2063 300.22012 300.23395 300.24768 300.26144 300.27515 300.28882 300.30234 300.31586 300.32922 300.34247 300.35556 300.3685 300.38126 300.39374 300.406 300.41803 300.42972 300.44104 300.45203 300.4626 300.4727 300.48236 300.49152 300.5001 300.50815 300.51556 300.52234 300.5285 300.53394 300.53864 300.54266 300.5459 300.54834 300.55005 300.5509 300.55103 300.5503 300.5487 300.54648 300.5433 300.5395 300.53473 300.52948 300.52335 300.51654 300.5091 300.50098 300.49228 300.48297 300.47314 300.46277 300.45197 300.44064 300.42896 300.41684 300.4044 300.39166 300.3786 300.3653 300.35175 300.338 300.32407 300.30994 300.29572 300.28134 300.26685 300.25226 300.23767 300.22296 300.2082 300.19342 300.1786 300.16373 300.14886 300.13397 300.1191 300.1042 300.0893 300.0744 300.0595 300.04462 300.0298 300.01483 300.01483 
300 300 300 300 300 300 300 300 300 300 300 300 300 300 300 300 300 300 300 300 300 300 300 300 300 300 300 300 300 300 300 300 300 300 300 300 300 300 300 300 300 300 300 300 300 300 300 300 300 300 300 300 300 300 300 300 300 300 300 300 300 300 300 300 300 300 300 300 300 300 300 300 300 300 300 300 300 300 300 300 300 300 300 300 300 300 300 300 300 300 300 300 300 300 300 300 300 300 300 300 
